0.000000 0.000000 0.000000 0.000000 0.000000 0.000000 0.000000 0.000000 0.000000 0.000000 0.000000 0.000000 0.000000 0.000000 0.000000 0.000000 0.000000 0.000000 0.000000 0.000000 0.000000 0.000000 0.000000 0.000000 0.000000 0.000000 0.000000 0.000000 0.000000 0.000000 0.000000 0.000000 0.000000 0.000000 0.000000 0.000000 0.000000 1.000000
0.000000 0.000000 0.000000 0.000000 0.000000 0.000000 0.000000 0.000000 0.000000 0.000000 0.000000 0.000000 0.000000 0.000000 0.000000 0.000000 0.000000 0.000000 0.000000 0.000000 0.000000 0.000000 0.000000 0.000000 0.000000 0.000000 0.000000 0.000000 0.000000 0.000000 0.000000 0.000000 0.000000 0.000000 0.000000 0.000000 0.182765 0.817235
0.000000 0.000000 0.000000 0.000000 0.000000 0.000000 0.000000 0.000000 0.000000 0.000000 0.000000 0.000000 0.000000 0.000000 0.000000 0.000000 0.000000 0.000000 0.000000 0.000000 0.000000 0.000000 0.000000 0.000000 0.000000 0.000000 0.000000 0.000000 0.000000 0.000000 0.000000 0.000000 0.000000 0.000000 0.000000 0.033403 0.298724 0.667874
0.000000 0.000000 0.000000 0.000000 0.000000 0.000000 0.000000 0.000000 0.000000 0.000000 0.000000 0.000000 0.000000 0.000000 0.000000 0.000000 0.000000 0.000000 0.000000 0.000000 0.000000 0.000000 0.000000 0.000000 0.000000 0.000000 0.000000 0.000000 0.000000 0.000000 0.000000 0.000000 0.000000 0.000000 0.006105 0.081894 0.366191 0.545810
0.000000 0.000000 0.000000 0.000000 0.000000 0.000000 0.000000 0.000000 0.000000 0.000000 0.000000 0.000000 0.000000 0.000000 0.000000 0.000000 0.000000 0.000000 0.000000 0.000000 0.000000 0.000000 0.000000 0.000000 0.000000 0.000000 0.000000 0.000000 0.000000 0.000000 0.000000 0.000000 0.000000 0.001116 0.019956 0.133854 0.399019 0.446055
0.000000 0.000000 0.000000 0.000000 0.000000 0.000000 0.000000 0.000000 0.000000 0.000000 0.000000 0.000000 0.000000 0.000000 0.000000 0.000000 0.000000 0.000000 0.000000 0.000000 0.000000 0.000000 0.000000 0.000000 0.000000 0.000000 0.000000 0.000000 0.000000 0.000000 0.000000 0.000000 0.000204 0.004559 0.040773 0.182317 0.407616 0.364532
0.000000 0.000000 0.000000 0.000000 0.000000 0.000000 0.000000 0.000000 0.000000 0.000000 0.000000 0.000000 0.000000 0.000000 0.000000 0.000000 0.000000 0.000000 0.000000 0.000000 0.000000 0.000000 0.000000 0.000000 0.000000 0.000000 0.000000 0.000000 0.000000 0.000000 0.000000 0.000037 0.001000 0.011178 0.066642 0.223493 0.399741 0.297908
0.000000 0.000000 0.000000 0.000000 0.000000 0.000000 0.000000 0.000000 0.000000 0.000000 0.000000 0.000000 0.000000 0.000000 0.000000 0.000000 0.000000 0.000000 0.000000 0.000000 0.000000 0.000000 0.000000 0.000000 0.000000 0.000000 0.000000 0.000000 0.000000 0.000000 0.000007 0.000213 0.002860 0.021315 0.095309 0.255705 0.381130 0.243461
0.000000 0.000000 0.000000 0.000000 0.000000 0.000000 0.000000 0.000000 0.000000 0.000000 0.000000 0.000000 0.000000 0.000000 0.000000 0.000000 0.000000 0.000000 0.000000 0.000000 0.000000 0.000000 0.000000 0.000000 0.000000 0.000000 0.000000 0.000000 0.000000 0.000001 0.000045 0.000697 0.006233 0.034838 0.124624 0.278628 0.355969 0.198965
0.000000 0.000000 0.000000 0.000000 0.000000 0.000000 0.000000 0.000000 0.000000 0.000000 0.000000 0.000000 0.000000 0.000000 0.000000 0.000000 0.000000 0.000000 0.000000 0.000000 0.000000 0.000000 0.000000 0.000000 0.000000 0.000000 0.000000 0.000000 0.000000 0.000009 0.000164 0.001709 0.011461 0.051248 0.152770 0.292764 0.327274 0.162601
0.000000 0.000000 0.000000 0.000000 0.000000 0.000000 0.000000 0.000000 0.000000 0.000000 0.000000 0.000000 0.000000 0.000000 0.000000 0.000000 0.000000 0.000000 0.000000 0.000000 0.000000 0.000000 0.000000 0.000000 0.000000 0.000000 0.000000 0.000000 0.000002 0.000037 0.000446 0.003491 0.018733 0.069803 0.178356 0.299071 0.297178 0.132884
0.000000 0.000000 0.000000 0.000000 0.000000 0.000000 0.000000 0.000000 0.000000 0.000000 0.000000 0.000000 0.000000 0.000000 0.000000 0.000000 0.000000 0.000000 0.000000 0.000000 0.000000 0.000000 0.000000 0.000000 0.000000 0.000000 0.000000 0.000000 0.000008 0.000112 0.001003 0.006277 0.028066 0.089642 0.200419 0.298725 0.267151 0.108597
0.000000 0.000000 0.000000 0.000000 0.000000 0.000000 0.000000 0.000000 0.000000 0.000000 0.000000 0.000000 0.000000 0.000000 0.000000 0.000000 0.000000 0.000000 0.000000 0.000000 0.000000 0.000000 0.000000 0.000000 0.000000 0.000000 0.000000 0.000002 0.000027 0.000275 0.001967 0.010259 0.039320 0.109888 0.218385 0.292954 0.238173 0.088749
0.000000 0.000000 0.000000 0.000000 0.000000 0.000000 0.000000 0.000000 0.000000 0.000000 0.000000 0.000000 0.000000 0.000000 0.000000 0.000000 0.000000 0.000000 0.000000 0.000000 0.000000 0.000000 0.000000 0.000000 0.000000 0.000000 0.000000 0.000007 0.000073 0.000584 0.003482 0.015570 0.052218 0.129718 0.232014 0.282942 0.210863 0.072529
0.000000 0.000000 0.000000 0.000000 0.000000 0.000000 0.000000 0.000000 0.000000 0.000000 0.000000 0.000000 0.000000 0.000000 0.000000 0.000000 0.000000 0.000000 0.000000 0.000000 0.000000 0.000000 0.000000 0.000000 0.000000 0.000000 0.000002 0.000019 0.000166 0.001114 0.005691 0.022268 0.066382 0.148414 0.241322 0.269769 0.185581 0.059273
0.000000 0.000000 0.000000 0.000000 0.000000 0.000000 0.000000 0.000000 0.000000 0.000000 0.000000 0.000000 0.000000 0.000000 0.000000 0.000000 0.000000 0.000000 0.000000 0.000000 0.000000 0.000000 0.000000 0.000000 0.000000 0.000000 0.000005 0.000046 0.000339 0.001950 0.008721 0.030331 0.081374 0.165394 0.246521 0.254382 0.162496 0.048440
0.000000 0.000000 0.000000 0.000000 0.000000 0.000000 0.000000 0.000000 0.000000 0.000000 0.000000 0.000000 0.000000 0.000000 0.000000 0.000000 0.000000 0.000000 0.000000 0.000000 0.000000 0.000000 0.000000 0.000000 0.000000 0.000001 0.000013 0.000099 0.000634 0.003188 0.012671 0.039660 0.096730 0.180221 0.247958 0.237589 0.141651 0.039587
0.000000 0.000000 0.000000 0.000000 0.000000 0.000000 0.000000 0.000000 0.000000 0.000000 0.000000 0.000000 0.000000 0.000000 0.000000 0.000000 0.000000 0.000000 0.000000 0.000000 0.000000 0.000000 0.000000 0.000000 0.000000 0.000002 0.000029 0.000197 0.001101 0.004921 0.017603 0.050090 0.111990 0.192601 0.246063 0.220055 0.122997 0.032352
0.000000 0.000000 0.000000 0.000000 0.000000 0.000000 0.000000 0.000000 0.000000 0.000000 0.000000 0.000000 0.000000 0.000000 0.000000 0.000000 0.000000 0.000000 0.000000 0.000000 0.000000 0.000000 0.000000 0.000000 0.000000 0.000005 0.000062 0.000362 0.001799 0.007239 0.023541 0.061403 0.126722 0.202372 0.241309 0.202316 0.106430 0.026439
0.000000 0.000000 0.000000 0.000000 0.000000 0.000000 0.000000 0.000000 0.000000 0.000000 0.000000 0.000000 0.000000 0.000000 0.000000 0.000000 0.000000 0.000000 0.000000 0.000000 0.000000 0.000000 0.000000 0.000000 0.000001 0.000011 0.000121 0.000625 0.002793 0.010218 0.030461 0.073341 0.140549 0.209488 0.234183 0.184791 0.091811 0.021607
0.000000 0.000000 0.000000 0.000000 0.000000 0.000000 0.000000 0.000000 0.000000 0.000000 0.000000 0.000000 0.000000 0.000000 0.000000 0.000000 0.000000 0.000000 0.000000 0.000000 0.000000 0.000000 0.000000 0.000000 0.000002 0.000023 0.000222 0.001021 0.004150 0.013918 0.038298 0.085624 0.153148 0.214002 0.225156 0.167798 0.078980 0.017658
0.000000 0.000000 0.000000 0.000000 0.000000 0.000000 0.000000 0.000000 0.000000 0.000000 0.000000 0.000000 0.000000 0.000000 0.000000 0.000000 0.000000 0.000000 0.000000 0.000000 0.000000 0.000000 0.000000 0.000000 0.000004 0.000061 0.000368 0.001593 0.005935 0.018374 0.046947 0.097965 0.164270 0.216040 0.214673 0.151565 0.067773 0.014431
0.000000 0.000000 0.000000 0.000000 0.000000 0.000000 0.000000 0.000000 0.000000 0.000000 0.000000 0.000000 0.000000 0.000000 0.000000 0.000000 0.000000 0.000000 0.000000 0.000000 0.000000 0.000000 0.000000 0.000001 0.000011 0.000122 0.000592 0.002386 0.008209 0.023596 0.056272 0.110084 0.173732 0.215790 0.203139 0.136251 0.058024 0.011793
0.000000 0.000000 0.000000 0.000000 0.000000 0.000000 0.000000 0.000000 0.000000 0.000000 0.000000 0.000000 0.000000 0.000000 0.000000 0.000000 0.000000 0.000000 0.000000 0.000000 0.000000 0.000000 0.000000 0.000002 0.000023 0.000217 0.000920 0.003451 0.011021 0.029568 0.066107 0.121716 0.181419 0.213478 0.190914 0.121954 0.049574 0.009638
0.000000 0.000000 0.000000 0.000000 0.000000 0.000000 0.000000 0.000000 0.000000 0.000000 0.000000 0.000000 0.000000 0.000000 0.000000 0.000000 0.000000 0.000000 0.000000 0.000000 0.000000 0.000000 0.000000 0.000004 0.000044 0.000361 0.001383 0.004834 0.014411 0.036246 0.076270 0.132628 0.187278 0.209354 0.178310 0.108725 0.042275 0.007876
0.000000 0.000000 0.000000 0.000000 0.000000 0.000000 0.000000 0.000000 0.000000 0.000000 0.000000 0.000000 0.000000 0.000000 0.000000 0.000000 0.000000 0.000000 0.000000 0.000000 0.000000 0.000000 0.000001 0.000009 0.000079 0.000574 0.002013 0.006584 0.018401 0.043561 0.086570 0.142616 0.191313 0.203680 0.165593 0.096581 0.035988 0.006437
0.000000 0.000000 0.000000 0.000000 0.000000 0.000000 0.000000 0.000000 0.000000 0.000000 0.000000 0.000000 0.000000 0.000000 0.000000 0.000000 0.000000 0.000000 0.000000 0.000000 0.000000 0.000000 0.000002 0.000016 0.000133 0.000879 0.002849 0.008744 0.023000 0.051421 0.096813 0.151516 0.193573 0.196719 0.152980 0.085506 0.030587 0.005260
0.000000 0.000000 0.000000 0.000000 0.000000 0.000000 0.000000 0.000000 0.000000 0.000000 0.000000 0.000000 0.000000 0.000000 0.000000 0.000000 0.000000 0.000000 0.000000 0.000000 0.000000 0.000000 0.000003 0.000029 0.000215 0.001303 0.003926 0.011349 0.028194 0.059717 0.106811 0.159202 0.194148 0.188725 0.140648 0.075469 0.025959 0.004299
0.000000 0.000000 0.000000 0.000000 0.000000 0.000000 0.000000 0.000000 0.000000 0.000000 0.000000 0.000000 0.000000 0.000000 0.000000 0.000000 0.000000 0.000000 0.000000 0.000000 0.000000 0.000001 0.000006 0.000049 0.000430 0.001783 0.005283 0.014428 0.033955 0.068325 0.116386 0.165589 0.193157 0.179938 0.128736 0.066420 0.022000 0.003513
0.000000 0.000000 0.000000 0.000000 0.000000 0.000000 0.000000 0.000000 0.000000 0.000000 0.000000 0.000000 0.000000 0.000000 0.000000 0.000000 0.000000 0.000000 0.000000 0.000000 0.000000 0.000001 0.000011 0.000091 0.000708 0.002422 0.006954 0.017997 0.040237 0.077109 0.125379 0.170628 0.190741 0.170580 0.117347 0.058302 0.018621 0.002871
0.000000 0.000000 0.000000 0.000000 0.000000 0.000000 0.000000 0.000000 0.000000 0.000000 0.000000 0.000000 0.000000 0.000000 0.000000 0.000000 0.000000 0.000000 0.000000 0.000000 0.000000 0.000002 0.000020 0.000159 0.001073 0.003251 0.008973 0.022062 0.046976 0.085931 0.133649 0.174304 0.187056 0.160851 0.106555 0.051050 0.015743 0.002346
0.000000 0.000000 0.000000 0.000000 0.000000 0.000000 0.000000 0.000000 0.000000 0.000000 0.000000 0.000000 0.000000 0.000000 0.000000 0.000000 0.000000 0.000000 0.000000 0.000000 0.000000 0.000004 0.000035 0.000259 0.001550 0.004296 0.011365 0.026615 0.054095 0.094652 0.141079 0.176634 0.182267 0.150928 0.096411 0.044597 0.013294 0.001918
0.000000 0.000000 0.000000 0.000000 0.000000 0.000000 0.000000 0.000000 0.000000 0.000000 0.000000 0.000000 0.000000 0.000000 0.000000 0.000000 0.000000 0.000000 0.000000 0.000000 0.000001 0.000008 0.000059 0.000401 0.002165 0.005588 0.014152 0.031637 0.061508 0.103137 0.147577 0.177664 0.176539 0.140964 0.086941 0.038876 0.011215 0.001567
0.000000 0.000000 0.000000 0.000000 0.000000 0.000000 0.000000 0.000000 0.000000 0.000000 0.000000 0.000000 0.000000 0.000000 0.000000 0.000000 0.000000 0.000000 0.000000 0.000000 0.000002 0.000013 0.000097 0.000594 0.002949 0.007153 0.017348 0.037097 0.069116 0.111259 0.153076 0.177458 0.170037 0.131091 0.078156 0.033820 0.009452 0.001281
0.000000 0.000000 0.000000 0.000000 0.000000 0.000000 0.000000 0.000000 0.000000 0.000000 0.000000 0.000000 0.000000 0.000000 0.000000 0.000000 0.000000 0.000000 0.000000 0.000000 0.000003 0.000022 0.000151 0.000853 0.003933 0.009017 0.020957 0.042949 0.076818 0.118902 0.157532 0.176102 0.162919 0.121416 0.070053 0.029367 0.007958 0.001047
0.000000 0.000000 0.000000 0.000000 0.000000 0.000000 0.000000 0.000000 0.000000 0.000000 0.000000 0.000000 0.000000 0.000000 0.000000 0.000000 0.000000 0.000000 0.000000 0.000000 0.000005 0.000037 0.000228 0.001190 0.005149 0.011199 0.024976 0.049139 0.084510 0.125962 0.160926 0.173693 0.155334 0.112029 0.062617 0.025454 0.006695 0.000855
0.000000 0.000000 0.000000 0.000000 0.000000 0.000000 0.000000 0.000000 0.000000 0.000000 0.000000 0.000000 0.000000 0.000000 0.000000 0.000000 0.000000 0.000000 0.000000 0.000001 0.000009 0.000058 0.000334 0.002001 0.006255 0.013717 0.029392 0.055603 0.092086 0.132352 0.163259 0.170337 0.147419 0.102998 0.055825 0.022026 0.005628 0.000699
0.000000 0.000000 0.000000 0.000000 0.000000 0.000000 0.000000 0.000000 0.000000 0.000000 0.000000 0.000000 0.000000 0.000000 0.000000 0.000000 0.000000 0.000000 0.000000 0.000002 0.000014 0.000088 0.000517 0.002925 0.007619 0.016582 0.034183 0.062271 0.099445 0.138001 0.164553 0.166149 0.139301 0.094377 0.049648 0.019029 0.004727 0.000571
0.000000 0.000000 0.000000 0.000000 0.000000 0.000000 0.000000 0.000000 0.000000 0.000000 0.000000 0.000000 0.000000 0.000000 0.000000 0.000000 0.000000 0.000000 0.000000 0.000003 0.000022 0.000135 0.000781 0.003996 0.009257 0.019799 0.039316 0.069065 0.106492 0.142854 0.164845 0.161242 0.131090 0.086202 0.044052 0.016415 0.003968 0.000467
0.000000 0.000000 0.000000 0.000000 0.000000 0.000000 0.000000 0.000000 0.000000 0.000000 0.000000 0.000000 0.000000 0.000000 0.000000 0.000000 0.000000 0.000000 0.000000 0.000006 0.000035 0.000206 0.001134 0.005250 0.011184 0.023366 0.044753 0.075905 0.113137 0.146873 0.164186 0.155731 0.122886 0.078498 0.039001 0.014140 0.003328 0.000382
0.000000 0.000000 0.000000 0.000000 0.000000 0.000000 0.000000 0.000000 0.000000 0.000000 0.000000 0.000000 0.000000 0.000000 0.000000 0.000000 0.000000 0.000000 0.000000 0.000009 0.000053 0.000308 0.001585 0.006718 0.013410 0.027275 0.050447 0.082710 0.119303 0.150037 0.162641 0.149728 0.114774 0.071279 0.034457 0.012164 0.002789 0.000312
0.000000 0.000000 0.000000 0.000000 0.000000 0.000000 0.000000 0.000000 0.000000 0.000000 0.000000 0.000000 0.000000 0.000000 0.000000 0.000000 0.000000 0.000000 0.000001 0.000015 0.000081 0.000448 0.002148 0.008432 0.015944 0.031510 0.056344 0.089398 0.124920 0.152341 0.160281 0.143340 0.106824 0.064550 0.030383 0.010450 0.002336 0.000255
0.000000 0.000000 0.000000 0.000000 0.000000 0.000000 0.000000 0.000000 0.000000 0.000000 0.000000 0.000000 0.000000 0.000000 0.000000 0.000000 0.000000 0.000000 0.000001 0.000023 0.000121 0.000634 0.002837 0.010421 0.018789 0.036049 0.062385 0.095890 0.129932 0.153792 0.157185 0.136666 0.099098 0.058305 0.026740 0.008968 0.001956 0.000208
0.000000 0.000000 0.000000 0.000000 0.000000 0.000000 0.000000 0.000000 0.000000 0.000000 0.000000 0.000000 0.000000 0.000000 0.000000 0.000000 0.000000 0.000000 0.000002 0.000035 0.000178 0.000876 0.003669 0.012712 0.021943 0.040862 0.068508 0.102112 0.134293 0.154412 0.153435 0.129800 0.091643 0.052536 0.023492 0.007686 0.001637 0.000170
0.000000 0.000000 0.000000 0.000000 0.000000 0.000000 0.000000 0.000000 0.000000 0.000000 0.000000 0.000000 0.000000 0.000000 0.000000 0.000000 0.000000 0.000000 0.000004 0.000053 0.000254 0.001182 0.005590 0.014399 0.025401 0.045915 0.074650 0.107993 0.137970 0.154233 0.149115 0.122826 0.084495 0.047228 0.020603 0.006580 0.001369 0.000139
0.000000 0.000000 0.000000 0.000000 0.000000 0.000000 0.000000 0.000000 0.000000 0.000000 0.000000 0.000000 0.000000 0.000000 0.000000 0.000000 0.000000 0.000000 0.000006 0.000079 0.000356 0.001666 0.007609 0.016410 0.029150 0.051166 0.080744 0.113472 0.140942 0.153298 0.144310 0.115821 0.077684 0.042362 0.018040 0.005628 0.001144 0.000114
0.000000 0.000000 0.000000 0.000000 0.000000 0.000000 0.000000 0.000000 0.000000 0.000000 0.000000 0.000000 0.000000 0.000000 0.000000 0.000000 0.000000 0.000001 0.000009 0.000115 0.000500 0.002318 0.009773 0.018738 0.033174 0.056572 0.086725 0.118493 0.143200 0.151655 0.139103 0.108851 0.071228 0.037917 0.015772 0.004808 0.000956 0.000093
0.000000 0.000000 0.000000 0.000000 0.000000 0.000000 0.000000 0.000000 0.000000 0.000000 0.000000 0.000000 0.000000 0.000000 0.000000 0.000000 0.000000 0.000001 0.000013 0.000165 0.000699 0.003135 0.012126 0.021377 0.037450 0.062083 0.092531 0.123008 0.144746 0.149361 0.133574 0.101975 0.065140 0.033869 0.013768 0.004104 0.000798 0.000076
0.000000 0.000000 0.000000 0.000000 0.000000 0.000000 0.000000 0.000000 0.000000 0.000000 0.000000 0.000000 0.000000 0.000000 0.000000 0.000000 0.000000 0.000001 0.000019 0.000235 0.000966 0.004122 0.014703 0.024314 0.041952 0.067648 0.098101 0.126981 0.145589 0.146476 0.127799 0.095243 0.059425 0.030195 0.012002 0.003500 0.000666 0.000062
0.000000 0.000000 0.000000 0.000000 0.000000 0.000000 0.000000 0.000000 0.000000 0.000000 0.000000 0.000000 0.000000 0.000000 0.000000 0.000000 0.000000 0.000002 0.000028 0.000332 0.001312 0.005282 0.017534 0.027538 0.046649 0.073214 0.103380 0.130382 0.145751 0.143062 0.121849 0.088696 0.054083 0.026870 0.010448 0.002982 0.000556 0.000051
0.000000 0.000000 0.000000 0.000000 0.000000 0.000000 0.000000 0.000000 0.000000 0.000000 0.000000 0.000000 0.000000 0.000000 0.000000 0.000000 0.000000 0.000003 0.000063 0.000439 0.001748 0.006626 0.020643 0.031031 0.051504 0.078727 0.108315 0.133191 0.145260 0.139185 0.115790 0.082370 0.049109 0.023869 0.009083 0.002539 0.000463 0.000041
0.000000 0.000000 0.000000 0.000000 0.000000 0.000000 0.000000 0.000000 0.000000 0.000000 0.000000 0.000000 0.000000 0.000000 0.000000 0.000000 0.000000 0.000005 0.000109 0.000583 0.002283 0.008164 0.024050 0.034772 0.056479 0.084135 0.112861 0.135397 0.144150 0.134909 0.109682 0.076291 0.044496 0.021167 0.007887 0.002159 0.000386 0.000034
0.000000 0.000000 0.000000 0.000000 0.000000 0.000000 0.000000 0.000000 0.000000 0.000000 0.000000 0.000000 0.000000 0.000000 0.000000 0.000000 0.000001 0.000010 0.000168 0.000769 0.002928 0.009906 0.027768 0.038740 0.061534 0.089385 0.116980 0.136996 0.142461 0.130299 0.103579 0.070480 0.040232 0.018740 0.006840 0.001835 0.000322 0.000028
0.000000 0.000000 0.000000 0.000000 0.000000 0.000000 0.000000 0.000000 0.000000 0.000000 0.000000 0.000000 0.000000 0.000000 0.000000 0.000000 0.000001 0.000016 0.000246 0.001006 0.003693 0.013895 0.029773 0.042906 0.066624 0.094428 0.120638 0.137995 0.140238 0.125415 0.097530 0.064952 0.036304 0.016565 0.005926 0.001559 0.000268 0.000023
0.000000 0.000000 0.000000 0.000000 0.000000 0.000000 0.000000 0.000000 0.000000 0.000000 0.000000 0.000000 0.000000 0.000000 0.000000 0.000000 0.000001 0.000025 0.000346 0.001301 0.004812 0.017812 0.032173 0.047240 0.071706 0.099218 0.123810 0.138405 0.137529 0.120319 0.091576 0.059716 0.032697 0.014620 0.005127 0.001323 0.000223 0.000018
0.000000 0.000000 0.000000 0.000000 0.000000 0.000000 0.000000 0.000000 0.000000 0.000000 0.000000 0.000000 0.000000 0.000000 0.000000 0.000000 0.000002 0.000038 0.000475 0.001686 0.006238 0.021738 0.034927 0.051712 0.076734 0.103713 0.126478 0.138245 0.134384 0.115066 0.085753 0.054778 0.029393 0.012885 0.004432 0.001122 0.000186 0.000015
0.000000 0.000000 0.000000 0.000000 0.000000 0.000000 0.000000 0.000000 0.000000 0.000000 0.000000 0.000000 0.000000 0.000000 0.000000 0.000000 0.000004 0.000056 0.000641 0.002185 0.007938 0.025737 0.037995 0.056285 0.081665 0.107874 0.128628 0.137539 0.130853 0.109708 0.080092 0.050138 0.026376 0.011340 0.003827 0.000951 0.000155 0.000012
0.000000 0.000000 0.000000 0.000000 0.000000 0.000000 0.000000 0.000000 0.000000 0.000000 0.000000 0.000000 0.000000 0.000000 0.000000 0.000000 0.000006 0.000079 0.000855 0.002816 0.009891 0.029858 0.041337 0.060924 0.086455 0.111667 0.130257 0.136317 0.126988 0.104295 0.074617 0.045796 0.023628 0.009967 0.003301 0.000805 0.000129 0.000010
0.000000 0.000000 0.000000 0.000000 0.000000 0.000000 0.000000 0.000000 0.000000 0.000000 0.000000 0.000000 0.000000 0.000000 0.000000 0.000001 0.000009 0.000111 0.001129 0.003592 0.012081 0.034138 0.044917 0.065590 0.091063 0.115064 0.131365 0.134612 0.122841 0.098871 0.069350 0.041744 0.021131 0.008749 0.002845 0.000682 0.000107 0.000008
0.000000 0.000000 0.000000 0.000000 0.000000 0.000000 0.000000 0.000000 0.000000 0.000000 0.000000 0.000000 0.000000 0.000000 0.000000 0.000001 0.000013 0.000152 0.001478 0.004523 0.014500 0.038603 0.048695 0.070245 0.095449 0.118044 0.131958 0.132461 0.118460 0.093476 0.064304 0.037977 0.018868 0.007670 0.002450 0.000577 0.000089 0.000007
0.000000 0.000000 0.000000 0.000000 0.000000 0.000000 0.000000 0.000000 0.000000 0.000000 0.000000 0.000000 0.000000 0.000000 0.000000 0.000001 0.000019 0.000205 0.001914 0.005618 0.017144 0.043268 0.052634 0.074852 0.099579 0.120587 0.132050 0.129902 0.113894 0.088144 0.059493 0.034484 0.016822 0.006716 0.002107 0.000487 0.000074 0.000006
0.000000 0.000000 0.000000 0.000000 0.000000 0.000000 0.000000 0.000000 0.000000 0.000000 0.000000 0.000000 0.000000 0.000000 0.000000 0.000002 0.000026 0.000274 0.002453 0.006882 0.023172 0.044980 0.056695 0.079371 0.103418 0.122682 0.131657 0.126976 0.109188 0.082908 0.054922 0.031256 0.014975 0.005874 0.001811 0.000412 0.000061 0.000004
0.000000 0.000000 0.000000 0.000000 0.000000 0.000000 0.000000 0.000000 0.000000 0.000000 0.000000 0.000000 0.000000 0.000000 0.000000 0.000003 0.000036 0.000362 0.003109 0.008669 0.028851 0.047121 0.060839 0.083766 0.106939 0.124322 0.130802 0.123725 0.104385 0.077793 0.050597 0.028281 0.013311 0.005131 0.001556 0.000348 0.000051 0.000004
0.000000 0.000000 0.000000 0.000000 0.000000 0.000000 0.000000 0.000000 0.000000 0.000000 0.000000 0.000000 0.000000 0.000000 0.000000 0.000004 0.000049 0.000473 0.003935 0.010883 0.034298 0.049628 0.065029 0.088001 0.110116 0.125506 0.129509 0.120190 0.099525 0.072823 0.046518 0.025545 0.011816 0.004478 0.001335 0.000294 0.000042 0.000003
0.000000 0.000000 0.000000 0.000000 0.000000 0.000000 0.000000 0.000000 0.000000 0.000000 0.000000 0.000000 0.000000 0.000000 0.000000 0.000006 0.000066 0.000885 0.004697 0.013451 0.039606 0.052443 0.069228 0.092043 0.112929 0.126238 0.127806 0.116413 0.094645 0.068015 0.042685 0.023036 0.010475 0.003903 0.001144 0.000248 0.000035 0.000002
0.000000 0.000000 0.000000 0.000000 0.000000 0.000000 0.000000 0.000000 0.000000 0.000000 0.000000 0.000000 0.000000 0.000000 0.000001 0.000009 0.000099 0.001365 0.005657 0.016320 0.044847 0.055511 0.073397 0.095860 0.115361 0.126524 0.125723 0.112435 0.089778 0.063386 0.039094 0.020740 0.009274 0.003399 0.000981 0.000209 0.000029 0.000002
0.000000 0.000000 0.000000 0.000000 0.000000 0.000000 0.000000 0.000000 0.000000 0.000000 0.000000 0.000000 0.000000 0.000000 0.000001 0.000012 0.000150 0.001930 0.006827 0.019449 0.050073 0.058780 0.077503 0.099424 0.117402 0.126378 0.123295 0.108294 0.084954 0.058946 0.035739 0.018644 0.008200 0.002957 0.000840 0.000176 0.000024 0.000002
0.000000 0.000000 0.000000 0.000000 0.000000 0.000000 0.000000 0.000000 0.000000 0.000000 0.000000 0.000000 0.000000 0.000000 0.000001 0.000018 0.000222 0.002601 0.008211 0.022808 0.055323 0.062202 0.081509 0.102710 0.119042 0.125815 0.120553 0.104028 0.080201 0.054705 0.032615 0.016736 0.007242 0.002570 0.000718 0.000148 0.000020 0.000001
0.000000 0.000000 0.000000 0.000000 0.000000 0.000000 0.000000 0.000000 0.000000 0.000000 0.000000 0.000000 0.000000 0.000000 0.000002 0.000026 0.000318 0.003397 0.009812 0.026375 0.060623 0.065730 0.085384 0.105695 0.120280 0.124853 0.117533 0.099673 0.075541 0.050667 0.029713 0.015000 0.006388 0.002232 0.000614 0.000125 0.000017 0.000001
0.000000 0.000000 0.000000 0.000000 0.000000 0.000000 0.000000 0.000000 0.000000 0.000000 0.000000 0.000000 0.000000 0.000000 0.000003 0.000038 0.000442 0.004336 0.011629 0.034561 0.061557 0.069322 0.089096 0.108360 0.121116 0.123515 0.114269 0.095263 0.070995 0.046838 0.027024 0.013426 0.005628 0.001936 0.000525 0.000105 0.000014 0.000001
0.000000 0.000000 0.000000 0.000000 0.000000 0.000000 0.000000 0.000000 0.000000 0.000000 0.000000 0.000000 0.000000 0.000000 0.000004 0.000054 0.000599 0.005437 0.014144 0.042021 0.062976 0.072936 0.092617 0.110692 0.121554 0.121825 0.110795 0.090827 0.066580 0.043216 0.024539 0.012001 0.004954 0.001678 0.000448 0.000088 0.000011 0.000001
0.000000 0.000000 0.000000 0.000000 0.000000 0.000000 0.000000 0.000000 0.000000 0.000000 0.000000 0.000000 0.000000 0.000001 0.000006 0.000076 0.000794 0.006770 0.017202 0.048921 0.064796 0.076533 0.095920 0.112677 0.121604 0.119809 0.107146 0.086396 0.062310 0.039803 0.022247 0.010713 0.004355 0.001453 0.000382 0.000074 0.000009 0.000001
0.000000 0.000000 0.000000 0.000000 0.000000 0.000000 0.000000 0.000000 0.000000 0.000000 0.000000 0.000000 0.000000 0.000001 0.000009 0.000105 0.001035 0.008384 0.020681 0.055398 0.066941 0.080077 0.098983 0.114308 0.121276 0.117495 0.103353 0.081994 0.058196 0.036594 0.020139 0.009551 0.003825 0.001257 0.000326 0.000062 0.000008 0.000000
0.000000 0.000000 0.000000 0.000000 0.000000 0.000000 0.000000 0.000000 0.000000 0.000000 0.000000 0.000000 0.000000 0.000001 0.000013 0.000142 0.001331 0.010314 0.024489 0.061556 0.069342 0.083532 0.101784 0.115582 0.120585 0.114910 0.099450 0.077644 0.054248 0.033587 0.018204 0.008504 0.003355 0.001087 0.000278 0.000052 0.000007 0.000000
0.000000 0.000000 0.000000 0.000000 0.000000 0.000000 0.000000 0.000000 0.000000 0.000000 0.000000 0.000000 0.000000 0.000002 0.000018 0.000190 0.001693 0.012585 0.028555 0.067477 0.071936 0.086868 0.104306 0.116496 0.119548 0.112085 0.095464 0.073368 0.050472 0.030775 0.016431 0.007563 0.002941 0.000939 0.000237 0.000044 0.000005 0.000000
0.000000 0.000000 0.000000 0.000000 0.000000 0.000000 0.000000 0.000000 0.000000 0.000000 0.000000 0.000000 0.000000 0.000002 0.000025 0.000251 0.002132 0.015210 0.032824 0.073223 0.074665 0.090055 0.106534 0.117054 0.118184 0.109047 0.091426 0.069184 0.046872 0.028154 0.014811 0.006719 0.002575 0.000811 0.000201 0.000037 0.000004 0.000000
0.000000 0.000000 0.000000 0.000000 0.000000 0.000000 0.000000 0.000000 0.000000 0.000000 0.000000 0.000000 0.000000 0.000003 0.000034 0.000327 0.002659 0.018197 0.037256 0.078837 0.077477 0.093067 0.108456 0.117260 0.116514 0.105827 0.087361 0.065106 0.043451 0.025715 0.013332 0.005961 0.002253 0.000699 0.000171 0.000031 0.000004 0.000000
0.000000 0.000000 0.000000 0.000000 0.000000 0.000000 0.000000 0.000000 0.000000 0.000000 0.000000 0.000000 0.000000 0.000005 0.000046 0.000421 0.003285 0.021551 0.041817 0.084350 0.080327 0.095879 0.110065 0.117124 0.114561 0.102452 0.083294 0.061148 0.040210 0.023452 0.011985 0.005283 0.001969 0.000603 0.000146 0.000026 0.000003 0.000000
0.000000 0.000000 0.000000 0.000000 0.000000 0.000000 0.000000 0.000000 0.000000 0.000000 0.000000 0.000000 0.000000 0.000007 0.000061 0.000536 0.005516 0.023774 0.052646 0.083615 0.083169 0.098472 0.111355 0.116655 0.112348 0.098950 0.079246 0.057321 0.037147 0.021356 0.010760 0.004678 0.001719 0.000519 0.000124 0.000022 0.000003 0.000000
0.000000 0.000000 0.000000 0.000000 0.000000 0.000000 0.000000 0.000000 0.000000 0.000000 0.000000 0.000000 0.000000 0.000009 0.000080 0.000737 0.007902 0.026941 0.062153 0.083533 0.085966 0.100827 0.112324 0.115868 0.109899 0.095349 0.075239 0.053634 0.034261 0.019419 0.009648 0.004137 0.001500 0.000447 0.000105 0.000018 0.000002 0.000000
0.000000 0.000000 0.000000 0.000000 0.000000 0.000000 0.000000 0.000000 0.000000 0.000000 0.000000 0.000000 0.000000 0.000012 0.000107 0.001026 0.010538 0.030803 0.070603 0.083978 0.088682 0.102928 0.112972 0.114777 0.107240 0.091674 0.071290 0.050093 0.031548 0.017634 0.008641 0.003655 0.001307 0.000385 0.000089 0.000015 0.000002 0.000000
0.000000 0.000000 0.000000 0.000000 0.000000 0.000000 0.000000 0.000000 0.000000 0.000000 0.000000 0.000000 0.000000 0.000017 0.000144 0.001409 0.013493 0.035169 0.078207 0.084838 0.091286 0.104764 0.113302 0.113400 0.104395 0.087948 0.067416 0.046704 0.029005 0.015990 0.007730 0.003226 0.001139 0.000331 0.000076 0.000013 0.000001 0.000000
0.000000 0.000000 0.000000 0.000000 0.000000 0.000000 0.000000 0.000000 0.000000 0.000000 0.000000 0.000000 0.000000 0.000022 0.000195 0.001896 0.016806 0.039889 0.085134 0.086016 0.093749 0.106324 0.113320 0.111754 0.101389 0.084196 0.063631 0.043469 0.026627 0.014480 0.006907 0.002844 0.000991 0.000284 0.000064 0.000011 0.000001 0.000000
0.000000 0.000000 0.000000 0.000000 0.000000 0.000000 0.000000 0.000000 0.000000 0.000000 0.000000 0.000000 0.000000 0.000030 0.000263 0.002497 0.020505 0.044852 0.091516 0.087429 0.096047 0.107603 0.113033 0.109860 0.098247 0.080437 0.059946 0.040391 0.024407 0.013096 0.006164 0.002506 0.000862 0.000244 0.000055 0.000009 0.000001 0.000000
0.000000 0.000000 0.000000 0.000000 0.000000 0.000000 0.000000 0.000000 0.000000 0.000000 0.000000 0.000000 0.000000 0.000041 0.000353 0.003222 0.024598 0.049971 0.097457 0.089004 0.098159 0.108595 0.112453 0.107737 0.094992 0.076692 0.056372 0.037470 0.022340 0.011829 0.005496 0.002205 0.000749 0.000209 0.000046 0.000008 0.000001 0.000000
0.000000 0.000000 0.000000 0.000000 0.000000 0.000000 0.000000 0.000000 0.000000 0.000000 0.000000 0.000000 0.000000 0.000055 0.000469 0.004084 0.029088 0.055179 0.103034 0.090678 0.100066 0.109300 0.111591 0.105408 0.091647 0.072978 0.052917 0.034704 0.020419 0.010672 0.004894 0.001939 0.000650 0.000179 0.000039 0.000006 0.000001 0.000000
0.000000 0.000000 0.000000 0.000000 0.000000 0.000000 0.000000 0.000000 0.000000 0.000000 0.000000 0.000000 0.000000 0.000074 0.000615 0.005091 0.033968 0.067958 0.100776 0.092393 0.101754 0.109719 0.110461 0.102893 0.088235 0.069312 0.049589 0.032093 0.018637 0.009616 0.004354 0.001704 0.000564 0.000154 0.000033 0.000005 0.000001 0.000000
0.000000 0.000000 0.000000 0.000000 0.000000 0.000000 0.000000 0.000000 0.000000 0.000000 0.000000 0.000000 0.000000 0.000099 0.000795 0.006255 0.040054 0.078922 0.099244 0.094104 0.103210 0.109855 0.109078 0.100214 0.084777 0.065707 0.046391 0.029634 0.016988 0.008654 0.003870 0.001495 0.000489 0.000132 0.000028 0.000004 0.000000 0.000000
0.000000 0.000000 0.000000 0.000000 0.000000 0.000000 0.000000 0.000000 0.000000 0.000000 0.000000 0.000000 0.000000 0.000131 0.001015 0.007617 0.047096 0.088403 0.098304 0.095768 0.104424 0.109713 0.107458 0.097393 0.081292 0.062177 0.043329 0.027323 0.015465 0.007780 0.003436 0.001311 0.000424 0.000113 0.000024 0.000004 0.000000 0.000000
0.000000 0.000000 0.000000 0.000000 0.000000 0.000000 0.000000 0.000000 0.000000 0.000000 0.000000 0.000000 0.000000 0.000172 0.001281 0.009208 0.054895 0.096673 0.097841 0.097350 0.105391 0.109301 0.105618 0.094450 0.077798 0.058732 0.040403 0.025156 0.014061 0.006986 0.003048 0.001149 0.000367 0.000097 0.000020 0.000003 0.000000 0.000000
0.000000 0.000000 0.000000 0.000000 0.000000 0.000000 0.000000 0.000000 0.000000 0.000000 0.000000 0.000000 0.000000 0.000223 0.001601 0.011049 0.063287 0.103951 0.097751 0.098820 0.106105 0.108628 0.103577 0.091406 0.074313 0.055382 0.037617 0.023128 0.012768 0.006266 0.002701 0.001006 0.000318 0.000083 0.000017 0.000003 0.000000 0.000000
0.000000 0.000000 0.000000 0.000000 0.000000 0.000000 0.000000 0.000000 0.000000 0.000000 0.000000 0.000000 0.000000 0.000287 0.001981 0.013154 0.072139 0.110414 0.097947 0.100151 0.106566 0.107705 0.101353 0.088282 0.070854 0.052135 0.034969 0.021234 0.011579 0.005614 0.002391 0.000880 0.000275 0.000071 0.000014 0.000002 0.000000 0.000000
0.000000 0.000000 0.000000 0.000000 0.000000 0.000000 0.000000 0.000000 0.000000 0.000000 0.000000 0.000000 0.000001 0.000367 0.002432 0.020537 0.076337 0.116204 0.098350 0.101324 0.106774 0.106544 0.098964 0.085097 0.067433 0.048998 0.032459 0.019470 0.010489 0.005025 0.002115 0.000770 0.000237 0.000060 0.000012 0.000002 0.000000 0.000000
0.000000 0.000000 0.000000 0.000000 0.000000 0.000000 0.000000 0.000000 0.000000 0.000000 0.000000 0.000000 0.000001 0.000465 0.003161 0.028083 0.080710 0.121433 0.098893 0.102320 0.106732 0.105158 0.096430 0.081869 0.064063 0.045975 0.030085 0.017828 0.009491 0.004493 0.001869 0.000672 0.000205 0.000051 0.000010 0.000001 0.000000 0.000000
0.000000 0.000000 0.000000 0.000000 0.000000 0.000000 0.000000 0.000000 0.000000 0.000000 0.000000 0.000000 0.000001 0.000592 0.004165 0.035804 0.085177 0.126187 0.099519 0.103126 0.106445 0.103563 0.093768 0.078614 0.060757 0.043071 0.027845 0.016305 0.008577 0.004014 0.001650 0.000587 0.000177 0.000044 0.000009 0.000001 0.000000 0.000000
0.000000 0.000000 0.000000 0.000000 0.000000 0.000000 0.000000 0.000000 0.000000 0.000000 0.000000 0.000000 0.000001 0.000760 0.005440 0.043704 0.098897 0.121313 0.100179 0.103733 0.105918 0.101773 0.090999 0.075351 0.057525 0.040288 0.025736 0.014892 0.007743 0.003582 0.001456 0.000512 0.000153 0.000037 0.000007 0.000001 0.000000 0.000000
0.000000 0.000000 0.000000 0.000000 0.000000 0.000000 0.000000 0.000000 0.000000 0.000000 0.000000 0.000000 0.000002 0.000978 0.006982 0.052790 0.110221 0.117451 0.100828 0.104132 0.105160 0.099804 0.088139 0.072093 0.054375 0.037628 0.023754 0.013586 0.006983 0.003193 0.001283 0.000446 0.000132 0.000032 0.000006 0.000001 0.000000 0.000000
0.000000 0.000000 0.000000 0.000000 0.000000 0.000000 0.000000 0.000000 0.000000 0.000000 0.000000 0.000000 0.000002 0.001259 0.008828 0.062753 0.119597 0.114413 0.101432 0.104320 0.104181 0.097672 0.085206 0.068855 0.051314 0.035093 0.021895 0.012379 0.006290 0.002844 0.001130 0.000389 0.000113 0.000027 0.000005 0.000001 0.000000 0.000000
0.000000 0.000000 0.000000 0.000000 0.000000 0.000000 0.000000 0.000000 0.000000 0.000000 0.000000 0.000000 0.000003 0.001614 0.011001 0.073343 0.127389 0.112040 0.101960 0.104295 0.102992 0.095394 0.082218 0.065649 0.048349 0.032681 0.020156 0.011266 0.005660 0.002531 0.000995 0.000338 0.000098 0.000023 0.000004 0.000001 0.000000 0.000000
0.000000 0.000000 0.000000 0.000000 0.000000 0.000000 0.000000 0.000000 0.000000 0.000000 0.000000 0.000000 0.000004 0.002057 0.013514 0.084360 0.133893 0.110198 0.102387 0.104057 0.101603 0.092986 0.079190 0.062487 0.045486 0.030392 0.018531 0.010242 0.005088 0.002250 0.000875 0.000294 0.000084 0.000020 0.000004 0.000000 0.000000 0.000000
0.000000 0.000000 0.000000 0.000000 0.000000 0.000000 0.000000 0.000000 0.000000 0.000000 0.000000 0.000000 0.000005 0.002600 0.016369 0.095647 0.139347 0.108770 0.102692 0.103608 0.100028 0.090464 0.076137 0.059380 0.042727 0.028224 0.017016 0.009300 0.004570 0.001999 0.000769 0.000256 0.000072 0.000017 0.000003 0.000000 0.000000 0.000000
0.000000 0.000000 0.000000 0.000000 0.000000 0.000000 0.000000 0.000000 0.000000 0.000000 0.000000 0.000000 0.000006 0.003259 0.019563 0.107077 0.143941 0.107659 0.102859 0.102954 0.098280 0.087846 0.073074 0.056336 0.040076 0.026176 0.015606 0.008435 0.004100 0.001774 0.000675 0.000222 0.000062 0.000014 0.000003 0.000000 0.000000 0.000000
0.000000 0.000000 0.000000 0.000000 0.000000 0.000000 0.000000 0.000000 0.000000 0.000000 0.000000 0.000000 0.000008 0.004045 0.023090 0.118551 0.147829 0.106782 0.102877 0.102100 0.096373 0.085146 0.070015 0.053365 0.037536 0.024244 0.014295 0.007643 0.003675 0.001573 0.000592 0.000193 0.000053 0.000012 0.000002 0.000000 0.000000 0.000000
0.000000 0.000000 0.000000 0.000000 0.000000 0.000000 0.000000 0.000000 0.000000 0.000000 0.000000 0.000000 0.000010 0.004974 0.026937 0.129989 0.151130 0.106068 0.102735 0.101053 0.094321 0.082381 0.066972 0.050472 0.035106 0.022426 0.013080 0.006918 0.003291 0.001394 0.000519 0.000168 0.000046 0.000010 0.000002 0.000000 0.000000 0.000000
0.000000 0.000000 0.000000 0.000000 0.000000 0.000000 0.000000 0.000000 0.000000 0.000000 0.000000 0.000000 0.000013 0.006056 0.031090 0.152372 0.142894 0.105459 0.102427 0.099823 0.092139 0.079564 0.063956 0.047663 0.032789 0.020717 0.011953 0.006255 0.002944 0.001234 0.000455 0.000145 0.000039 0.000009 0.000002 0.000000 0.000000 0.000000
0.000000 0.000000 0.000000 0.000000 0.000000 0.000000 0.000000 0.000000 0.000000 0.000000 0.000000 0.000000 0.000016 0.007306 0.035977 0.172347 0.136052 0.104905 0.101951 0.098418 0.089841 0.076712 0.060979 0.044945 0.030583 0.019116 0.010912 0.005650 0.002632 0.001092 0.000399 0.000126 0.000034 0.000007 0.000001 0.000000 0.000000 0.000000
0.000000 0.000000 0.000000 0.000000 0.000000 0.000000 0.000000 0.000000 0.000000 0.000000 0.000000 0.000000 0.000022 0.008750 0.053432 0.178309 0.130360 0.104365 0.101306 0.096851 0.087441 0.073836 0.058048 0.042320 0.028487 0.017616 0.009950 0.005098 0.002350 0.000965 0.000349 0.000109 0.000029 0.000006 0.000001 0.000000 0.000000 0.000000
0.000000 0.000000 0.000000 0.000000 0.000000 0.000000 0.000000 0.000000 0.000000 0.000000 0.000000 0.000000 0.000047 0.010941 0.070774 0.182575 0.125609 0.103806 0.100491 0.095131 0.084955 0.070951 0.055174 0.039792 0.026500 0.016215 0.009063 0.004596 0.002097 0.000852 0.000305 0.000094 0.000025 0.000005 0.000001 0.000000 0.000000 0.000000
0.000000 0.000000 0.000000 0.000000 0.000000 0.000000 0.000000 0.000000 0.000000 0.000000 0.000000 0.000000 0.000103 0.013925 0.087759 0.185506 0.121624 0.103200 0.099512 0.093271 0.082395 0.068067 0.052362 0.037362 0.024620 0.014908 0.008247 0.004139 0.001870 0.000752 0.000266 0.000082 0.000021 0.000005 0.000001 0.000000 0.000000 0.000000
0.000000 0.000000 0.000000 0.000000 0.000000 0.000000 0.000000 0.000000 0.000000 0.000000 0.000000 0.000001 0.000207 0.017721 0.104208 0.187387 0.118257 0.102526 0.098371 0.091283 0.079777 0.065197 0.049621 0.035034 0.022845 0.013691 0.007496 0.003724 0.001665 0.000664 0.000233 0.000071 0.000018 0.000004 0.000001 0.000000 0.000000 0.000000
0.000000 0.000000 0.000000 0.000000 0.000000 0.000000 0.000000 0.000000 0.000000 0.000000 0.000000 0.000003 0.000377 0.022329 0.119982 0.188446 0.115382 0.101767 0.097076 0.089180 0.077112 0.062350 0.046955 0.032806 0.021172 0.012558 0.006807 0.003348 0.001482 0.000585 0.000203 0.000061 0.000016 0.000003 0.000001 0.000000 0.000000 0.000000
0.000000 0.000000 0.000000 0.000000 0.000000 0.000000 0.000000 0.000000 0.000000 0.000000 0.000000 0.000007 0.000638 0.027735 0.134980 0.188863 0.112893 0.100909 0.095633 0.086975 0.074414 0.059536 0.044369 0.030680 0.019598 0.011507 0.006175 0.003007 0.001318 0.000515 0.000177 0.000053 0.000013 0.000003 0.000000 0.000000 0.000000 0.000000
0.000000 0.000000 0.000000 0.000000 0.000000 0.000000 0.000000 0.000000 0.000000 0.000000 0.000000 0.000016 0.001019 0.033911 0.149130 0.188780 0.110703 0.099945 0.094050 0.084679 0.071695 0.056764 0.041867 0.028654 0.018119 0.010533 0.005596 0.002698 0.001171 0.000453 0.000154 0.000046 0.000011 0.000002 0.000000 0.000000 0.000000 0.000000
0.000000 0.000000 0.000000 0.000000 0.000000 0.000000 0.000000 0.000000 0.000000 0.000000 0.000000 0.000031 0.001550 0.040818 0.176179 0.174510 0.108737 0.098868 0.092338 0.082306 0.068966 0.054042 0.039452 0.026729 0.016733 0.009630 0.005066 0.002419 0.001040 0.000399 0.000135 0.000039 0.000010 0.000002 0.000000 0.000000 0.000000 0.000000
0.000000 0.000000 0.000000 0.000000 0.000000 0.000000 0.000000 0.000000 0.000000 0.000000 0.000001 0.000058 0.002265 0.049114 0.199036 0.162489 0.106933 0.097674 0.090504 0.079868 0.066239 0.051375 0.037127 0.024902 0.015435 0.008796 0.004582 0.002167 0.000923 0.000350 0.000117 0.000034 0.000008 0.000002 0.000000 0.000000 0.000000 0.000000
0.000000 0.000000 0.000000 0.000000 0.000000 0.000000 0.000000 0.000000 0.000000 0.000000 0.000002 0.000101 0.003212 0.058588 0.218267 0.152336 0.105241 0.096364 0.088560 0.077377 0.063522 0.048771 0.034893 0.023172 0.014221 0.008026 0.004141 0.001940 0.000818 0.000308 0.000102 0.000029 0.000007 0.000001 0.000000 0.000000 0.000000 0.000000
0.000000 0.000000 0.000000 0.000000 0.000000 0.000000 0.000000 0.000000 0.000000 0.000000 0.000004 0.000169 0.004440 0.069041 0.234358 0.143728 0.103619 0.094938 0.086516 0.074845 0.060826 0.046235 0.032750 0.021536 0.013089 0.007316 0.003739 0.001735 0.000725 0.000270 0.000089 0.000025 0.000006 0.000001 0.000000 0.000000 0.000000 0.000000
0.000000 0.000000 0.000000 0.000000 0.000000 0.000000 0.000000 0.000000 0.000000 0.000000 0.000008 0.000269 0.008138 0.078145 0.247720 0.136398 0.102032 0.093398 0.084383 0.072283 0.058159 0.043770 0.030701 0.019992 0.012034 0.006662 0.003372 0.001550 0.000642 0.000237 0.000077 0.000022 0.000005 0.000001 0.000000 0.000000 0.000000 0.000000
0.000000 0.000000 0.000000 0.000000 0.000000 0.000000 0.000000 0.000000 0.000000 0.000000 0.000015 0.000469 0.012328 0.087688 0.258708 0.130117 0.100454 0.091751 0.082172 0.069701 0.055529 0.041382 0.028744 0.018538 0.011052 0.006061 0.003039 0.001384 0.000568 0.000208 0.000067 0.000019 0.000004 0.000001 0.000000 0.000000 0.000000 0.000000
0.000000 0.000000 0.000000 0.000000 0.000000 0.000000 0.000000 0.000000 0.000000 0.000001 0.000027 0.000793 0.017030 0.111027 0.254112 0.124696 0.098863 0.090000 0.079893 0.067111 0.052944 0.039072 0.026878 0.017170 0.010140 0.005509 0.002737 0.001235 0.000502 0.000182 0.000058 0.000016 0.000004 0.000001 0.000000 0.000000 0.000000 0.000000
0.000000 0.000000 0.000000 0.000000 0.000000 0.000000 0.000000 0.000000 0.000000 0.000001 0.000049 0.001266 0.023042 0.132392 0.249029 0.119974 0.097243 0.088153 0.077557 0.064522 0.050408 0.036843 0.025104 0.015885 0.009294 0.005002 0.002462 0.001101 0.000444 0.000159 0.000050 0.000014 0.000003 0.000001 0.000000 0.000000 0.000000 0.000000
0.000000 0.000000 0.000000 0.000000 0.000000 0.000000 0.000000 0.000000 0.000000 0.000003 0.000087 0.001938 0.030241 0.151797 0.243640 0.115820 0.095582 0.086216 0.075174 0.061942 0.047929 0.034698 0.023419 0.014680 0.008509 0.004538 0.002214 0.000981 0.000392 0.000139 0.000044 0.000012 0.000003 0.000000 0.000000 0.000000 0.000000 0.000000
0.000000 0.000000 0.000000 0.000000 0.000000 0.000000 0.000000 0.000000 0.000000 0.000006 0.000147 0.002862 0.038492 0.169283 0.238084 0.112121 0.093870 0.084198 0.072756 0.059381 0.045511 0.032636 0.021822 0.013552 0.007783 0.004113 0.001988 0.000873 0.000346 0.000122 0.000038 0.000010 0.000002 0.000000 0.000000 0.000000 0.000000 0.000000
0.000000 0.000000 0.000000 0.000000 0.000000 0.000000 0.000000 0.000000 0.000000 0.000011 0.000241 0.004087 0.047657 0.202309 0.215062 0.108786 0.092103 0.082107 0.070312 0.056846 0.043158 0.030660 0.020310 0.012498 0.007113 0.003725 0.001785 0.000777 0.000305 0.000107 0.000033 0.000009 0.000002 0.000000 0.000000 0.000000 0.000000 0.000000
0.000000 0.000000 0.000000 0.000000 0.000000 0.000000 0.000000 0.000000 0.000001 0.000019 0.000379 0.005657 0.058689 0.228865 0.195638 0.105736 0.090276 0.079951 0.067851 0.054345 0.040874 0.028768 0.018883 0.011514 0.006493 0.003370 0.001600 0.000690 0.000268 0.000093 0.000028 0.000008 0.000002 0.000000 0.000000 0.000000 0.000000 0.000000
0.000000 0.000000 0.000000 0.000000 0.000000 0.000000 0.000000 0.000000 0.000001 0.000032 0.000578 0.007657 0.071139 0.249958 0.179208 0.102911 0.088389 0.077740 0.065382 0.051883 0.038661 0.026962 0.017536 0.010596 0.005923 0.003047 0.001434 0.000613 0.000236 0.000081 0.000025 0.000006 0.000001 0.000000 0.000000 0.000000 0.000000 0.000000
0.000000 0.000000 0.000000 0.000000 0.000000 0.000000 0.000000 0.000000 0.000003 0.000054 0.000857 0.010153 0.084614 0.266439 0.165263 0.100257 0.086442 0.075481 0.062915 0.049466 0.036523 0.025239 0.016268 0.009742 0.005397 0.002752 0.001284 0.000544 0.000208 0.000071 0.000021 0.000006 0.000001 0.000000 0.000000 0.000000 0.000000 0.000000
0.000000 0.000000 0.000000 0.000000 0.000000 0.000000 0.000000 0.000000 0.000005 0.000087 0.001237 0.013199 0.098765 0.279030 0.153382 0.097732 0.084439 0.073184 0.060457 0.047101 0.034461 0.023599 0.015075 0.008948 0.004914 0.002484 0.001149 0.000483 0.000183 0.000062 0.000018 0.000005 0.000001 0.000000 0.000000 0.000000 0.000000 0.000000
0.000000 0.000000 0.000000 0.000000 0.000000 0.000000 0.000000 0.000000 0.000008 0.000136 0.001748 0.016858 0.113345 0.288260 0.143211 0.095302 0.082382 0.070858 0.058016 0.044791 0.032476 0.022041 0.013955 0.008211 0.004469 0.002240 0.001027 0.000428 0.000161 0.000054 0.000016 0.000004 0.000001 0.000000 0.000000 0.000000 0.000000 0.000000
0.000000 0.000000 0.000000 0.000000 0.000000 0.000000 0.000000 0.000001 0.000014 0.000212 0.002458 0.021388 0.128494 0.293963 0.134455 0.092941 0.080276 0.068511 0.055599 0.042540 0.030569 0.020563 0.012905 0.007527 0.004062 0.002018 0.000918 0.000379 0.000141 0.000047 0.000014 0.000003 0.000001 0.000000 0.000000 0.000000 0.000000 0.000000
0.000000 0.000000 0.000000 0.000000 0.000000 0.000000 0.000000 0.000001 0.000024 0.000326 0.003423 0.026898 0.155749 0.284681 0.126868 0.090626 0.078126 0.066151 0.053212 0.040352 0.028740 0.019164 0.011922 0.006894 0.003688 0.001817 0.000819 0.000336 0.000124 0.000041 0.000012 0.000003 0.000001 0.000000 0.000000 0.000000 0.000000 0.000000
0.000000 0.000000 0.000000 0.000000 0.000000 0.000000 0.000000 0.000003 0.000041 0.000496 0.004712 0.034029 0.180620 0.274390 0.120244 0.088342 0.075937 0.063786 0.050862 0.038230 0.026990 0.017840 0.011003 0.006308 0.003346 0.001635 0.000731 0.000297 0.000109 0.000036 0.000010 0.000003 0.000001 0.000000 0.000000 0.000000 0.000000 0.000000
0.000000 0.000000 0.000000 0.000000 0.000000 0.000000 0.000000 0.000005 0.000068 0.000744 0.006432 0.042694 0.220108 0.246218 0.114414 0.086075 0.073717 0.061424 0.048553 0.036175 0.025318 0.016591 0.010145 0.005767 0.003034 0.001469 0.000652 0.000263 0.000095 0.000031 0.000009 0.000002 0.000000 0.000000 0.000000 0.000000 0.000000 0.000000
0.000000 0.000000 0.000000 0.000000 0.000000 0.000000 0.000001 0.000009 0.000110 0.001098 0.008691 0.053825 0.251315 0.222128 0.109234 0.083816 0.071470 0.059072 0.046291 0.034191 0.023723 0.015413 0.009345 0.005267 0.002748 0.001320 0.000581 0.000232 0.000084 0.000027 0.000008 0.000002 0.000000 0.000000 0.000000 0.000000 0.000000 0.000000
0.000000 0.000000 0.000000 0.000000 0.000000 0.000000 0.000001 0.000015 0.000175 0.001598 0.011663 0.072210 0.269984 0.201495 0.104589 0.081560 0.069204 0.056736 0.044079 0.032278 0.022204 0.014304 0.008600 0.004807 0.002487 0.001185 0.000517 0.000205 0.000073 0.000023 0.000007 0.000002 0.000000 0.000000 0.000000 0.000000 0.000000 0.000000
0.000000 0.000000 0.000000 0.000000 0.000000 0.000000 0.000002 0.000026 0.000273 0.002295 0.015857 0.091553 0.282466 0.183784 0.100380 0.079301 0.066925 0.054423 0.041922 0.030437 0.020760 0.013261 0.007906 0.004383 0.002249 0.001063 0.000460 0.000181 0.000064 0.000020 0.000006 0.000001 0.000000 0.000000 0.000000 0.000000 0.000000 0.000000
0.000000 0.000000 0.000000 0.000000 0.000000 0.000000 0.000004 0.000044 0.000420 0.003279 0.021350 0.111175 0.289789 0.168541 0.096527 0.077039 0.064640 0.052138 0.039823 0.028668 0.019389 0.012282 0.007262 0.003993 0.002032 0.000953 0.000409 0.000160 0.000056 0.000018 0.000005 0.000001 0.000000 0.000000 0.000000 0.000000 0.000000 0.000000
0.000000 0.000000 0.000000 0.000000 0.000000 0.000001 0.000007 0.000073 0.000637 0.004649 0.028158 0.130487 0.292855 0.155379 0.092966 0.074773 0.062355 0.049887 0.037784 0.026972 0.018091 0.011365 0.006665 0.003634 0.001835 0.000853 0.000363 0.000141 0.000049 0.000015 0.000004 0.000001 0.000000 0.000000 0.000000 0.000000 0.000000 0.000000
0.000000 0.000000 0.000000 0.000000 0.000000 0.000001 0.000012 0.000117 0.000953 0.006504 0.036232 0.148995 0.292448 0.143972 0.089641 0.072504 0.060077 0.047675 0.035808 0.025349 0.016861 0.010506 0.006111 0.003305 0.001655 0.000764 0.000323 0.000124 0.000043 0.000013 0.000004 0.000001 0.000000 0.000000 0.000000 0.000000 0.000000 0.000000
0.000000 0.000000 0.000000 0.000000 0.000000 0.000002 0.000021 0.000186 0.001408 0.008940 0.045471 0.175894 0.279654 0.134042 0.086509 0.070232 0.057810 0.045507 0.033897 0.023798 0.015700 0.009703 0.005598 0.003004 0.001492 0.000683 0.000286 0.000109 0.000038 0.000011 0.000003 0.000001 0.000000 0.000000 0.000000 0.000000 0.000000 0.000000
0.000000 0.000000 0.000000 0.000000 0.000000 0.000004 0.000035 0.000290 0.002047 0.012040 0.056541 0.212076 0.253042 0.125355 0.083534 0.067962 0.055561 0.043385 0.032051 0.022318 0.014604 0.008952 0.005124 0.002728 0.001345 0.000611 0.000254 0.000096 0.000033 0.000010 0.000003 0.000001 0.000000 0.000000 0.000000 0.000000 0.000000 0.000000
0.000000 0.000000 0.000000 0.000000 0.000001 0.000006 0.000057 0.000444 0.002924 0.015945 0.070246 0.239657 0.229705 0.117712 0.080688 0.065696 0.053336 0.041313 0.030272 0.020908 0.013571 0.008253 0.004686 0.002475 0.001210 0.000545 0.000225 0.000085 0.000029 0.000009 0.000002 0.000000 0.000000 0.000000 0.000000 0.000000 0.000000 0.000000
0.000000 0.000000 0.000000 0.000000 0.000001 0.000011 0.000092 0.000668 0.004103 0.020860 0.085646 0.259881 0.209237 0.110945 0.077948 0.063437 0.051139 0.039295 0.028561 0.019567 0.012599 0.007601 0.004282 0.002244 0.001089 0.000487 0.000199 0.000074 0.000025 0.000007 0.000002 0.000000 0.000000 0.000000 0.000000 0.000000 0.000000 0.000000
0.000000 0.000000 0.000000 0.000000 0.000002 0.000018 0.000146 0.000989 0.005665 0.026900 0.106354 0.269428 0.191272 0.104914 0.075296 0.061189 0.048974 0.037333 0.026917 0.018293 0.011685 0.006994 0.003909 0.002033 0.000979 0.000434 0.000177 0.000065 0.000022 0.000006 0.000002 0.000000 0.000000 0.000000 0.000000 0.000000 0.000000 0.000000
0.000000 0.000000 0.000000 0.000000 0.000004 0.000031 0.000227 0.001437 0.007701 0.034517 0.126500 0.274045 0.175489 0.099501 0.072718 0.058957 0.046847 0.035430 0.025341 0.017086 0.010828 0.006430 0.003566 0.001840 0.000879 0.000387 0.000156 0.000057 0.000019 0.000006 0.000001 0.000000 0.000000 0.000000 0.000000 0.000000 0.000000 0.000000
0.000000 0.000000 0.000000 0.000001 0.000006 0.000050 0.000346 0.002053 0.010340 0.043571 0.145497 0.274669 0.161601 0.094606 0.070203 0.056743 0.044760 0.033586 0.023832 0.015942 0.010024 0.005907 0.003251 0.001664 0.000789 0.000345 0.000138 0.000050 0.000017 0.000005 0.000001 0.000000 0.000000 0.000000 0.000000 0.000000 0.000000 0.000000
0.000000 0.000000 0.000000 0.000001 0.000011 0.000080 0.000518 0.002890 0.013695 0.053859 0.170450 0.264565 0.149357 0.090146 0.067743 0.054553 0.042718 0.031803 0.022390 0.014860 0.009272 0.005422 0.002961 0.001505 0.000708 0.000307 0.000122 0.000044 0.000014 0.000004 0.000001 0.000000 0.000000 0.000000 0.000000 0.000000 0.000000 0.000000
0.000000 0.000000 0.000000 0.000002 0.000018 0.000125 0.000763 0.004007 0.017847 0.065912 0.201182 0.243509 0.138535 0.086051 0.065332 0.052390 0.040723 0.030083 0.021014 0.013839 0.008568 0.004972 0.002695 0.001359 0.000635 0.000273 0.000108 0.000039 0.000012 0.000004 0.000001 0.000000 0.000000 0.000000 0.000000 0.000000 0.000000 0.000000
0.000000 0.000000 0.000000 0.000004 0.000029 0.000193 0.001106 0.005471 0.022930 0.080218 0.224410 0.224323 0.128943 0.082265 0.062967 0.050258 0.038778 0.028425 0.019703 0.012876 0.007911 0.004556 0.002451 0.001227 0.000569 0.000243 0.000095 0.000034 0.000011 0.000003 0.000001 0.000000 0.000000 0.000000 0.000000 0.000000 0.000000 0.000000
0.000000 0.000000 0.000001 0.000007 0.000047 0.000291 0.001578 0.007358 0.029122 0.095852 0.241105 0.206891 0.120412 0.078738 0.060644 0.048160 0.036886 0.026831 0.018455 0.011968 0.007298 0.004171 0.002227 0.001106 0.000509 0.000216 0.000084 0.000030 0.000009 0.000003 0.000001 0.000000 0.000000 0.000000 0.000000 0.000000 0.000000 0.000000
0.000000 0.000000 0.000001 0.000012 0.000074 0.000433 0.002216 0.009759 0.036486 0.115328 0.248864 0.191086 0.112795 0.075431 0.058362 0.046099 0.035048 0.025300 0.017269 0.011115 0.006726 0.003816 0.002022 0.000997 0.000456 0.000192 0.000074 0.000026 0.000008 0.000002 0.000001 0.000000 0.000000 0.000000 0.000000 0.000000 0.000000 0.000000
0.000000 0.000000 0.000002 0.000019 0.000114 0.000634 0.003065 0.012768 0.045361 0.133821 0.252312 0.176777 0.105966 0.072311 0.056121 0.044080 0.033267 0.023832 0.016145 0.010313 0.006194 0.003488 0.001835 0.000898 0.000407 0.000170 0.000065 0.000023 0.000007 0.000002 0.000000 0.000000 0.000000 0.000000 0.000000 0.000000 0.000000 0.000000
0.000000 0.000000 0.000003 0.000031 0.000174 0.000913 0.004178 0.016507 0.055510 0.150829 0.252260 0.163835 0.099815 0.069352 0.053920 0.042103 0.031543 0.022427 0.015079 0.009560 0.005700 0.003186 0.001664 0.000809 0.000364 0.000151 0.000058 0.000020 0.000006 0.000002 0.000000 0.000000 0.000000 0.000000 0.000000 0.000000 0.000000 0.000000
0.000000 0.000000 0.000005 0.000049 0.000260 0.001294 0.005619 0.021065 0.066648 0.179309 0.236099 0.152135 0.094248 0.066532 0.051761 0.040173 0.029877 0.021084 0.014070 0.008854 0.005240 0.002908 0.001507 0.000727 0.000325 0.000134 0.000051 0.000017 0.000005 0.000001 0.000000 0.000000 0.000000 0.000000 0.000000 0.000000 0.000000 0.000000
0.000000 0.000000 0.000009 0.000076 0.000383 0.001809 0.007456 0.026485 0.080045 0.201138 0.220753 0.141555 0.089182 0.063832 0.049643 0.038291 0.028270 0.019802 0.013117 0.008194 0.004814 0.002652 0.001365 0.000654 0.000290 0.000119 0.000045 0.000015 0.000005 0.000001 0.000000 0.000000 0.000000 0.000000 0.000000 0.000000 0.000000 0.000000
0.000000 0.000001 0.000014 0.000117 0.000556 0.002492 0.009757 0.032962 0.094689 0.217159 0.206279 0.131983 0.084549 0.061239 0.047568 0.036460 0.026722 0.018580 0.012217 0.007576 0.004419 0.002416 0.001235 0.000587 0.000259 0.000105 0.000039 0.000013 0.000004 0.000001 0.000000 0.000000 0.000000 0.000000 0.000000 0.000000 0.000000 0.000000
0.000000 0.000001 0.000028 0.000171 0.000794 0.003385 0.012609 0.040549 0.109780 0.228129 0.192700 0.123314 0.080289 0.058740 0.045538 0.034680 0.025234 0.017417 0.011369 0.006999 0.004053 0.002201 0.001117 0.000527 0.000231 0.000093 0.000034 0.000012 0.000003 0.000001 0.000000 0.000000 0.000000 0.000000 0.000000 0.000000 0.000000 0.000000
0.000000 0.000002 0.000049 0.000248 0.001117 0.004536 0.016097 0.049193 0.127226 0.232196 0.180019 0.115451 0.076351 0.056327 0.043554 0.032954 0.023806 0.016312 0.010570 0.006461 0.003714 0.002002 0.001009 0.000473 0.000206 0.000082 0.000030 0.000010 0.000003 0.000001 0.000000 0.000000 0.000000 0.000000 0.000000 0.000000 0.000000 0.000000
0.000000 0.000003 0.000079 0.000358 0.001550 0.006002 0.020292 0.059083 0.143168 0.233031 0.168218 0.108304 0.072691 0.053993 0.041616 0.031282 0.022436 0.015263 0.009819 0.005959 0.003401 0.001821 0.000911 0.000424 0.000183 0.000073 0.000027 0.000009 0.000003 0.000001 0.000000 0.000000 0.000000 0.000000 0.000000 0.000000 0.000000 0.000000
0.000000 0.000009 0.000119 0.000512 0.002123 0.007839 0.025281 0.069896 0.167346 0.221185 0.157268 0.101796 0.069274 0.051731 0.039727 0.029665 0.021125 0.014268 0.009114 0.005491 0.003113 0.001655 0.000822 0.000380 0.000163 0.000064 0.000023 0.000008 0.000002 0.000001 0.000000 0.000000 0.000000 0.000000 0.000000 0.000000 0.000000 0.000000
0.000000 0.000019 0.000176 0.000722 0.002868 0.010114 0.031099 0.082606 0.185946 0.209503 0.147129 0.095852 0.066067 0.049537 0.037888 0.028104 0.019872 0.013326 0.008452 0.005057 0.002846 0.001502 0.000741 0.000341 0.000145 0.000057 0.000020 0.000007 0.000002 0.000000 0.000000 0.000000 0.000000 0.000000 0.000000 0.000000 0.000000 0.000000
0.000001 0.000032 0.000257 0.001006 0.003826 0.012888 0.037908 0.096267 0.199654 0.198104 0.137758 0.090408 0.063046 0.047408 0.036100 0.026600 0.018675 0.012435 0.007831 0.004653 0.002600 0.001363 0.000668 0.000305 0.000129 0.000050 0.000018 0.000006 0.000002 0.000000 0.000000 0.000000 0.000000 0.000000 0.000000 0.000000 0.000000 0.000000
0.000002 0.000053 0.000370 0.001383 0.005040 0.016239 0.045725 0.110115 0.209118 0.187074 0.129104 0.085407 0.060188 0.045341 0.034364 0.025151 0.017535 0.011593 0.007250 0.004277 0.002374 0.001236 0.000602 0.000273 0.000115 0.000044 0.000016 0.000005 0.000001 0.000000 0.000000 0.000000 0.000000 0.000000 0.000000 0.000000 0.000000 0.000000
0.000004 0.000082 0.000527 0.001879 0.006559 0.020239 0.054460 0.125570 0.212916 0.176480 0.121118 0.080798 0.057475 0.043335 0.032680 0.023759 0.016449 0.010800 0.006707 0.003930 0.002166 0.001120 0.000542 0.000244 0.000102 0.000039 0.000014 0.000004 0.000001 0.000000 0.000000 0.000000 0.000000 0.000000 0.000000 0.000000 0.000000 0.000000
0.000006 0.000124 0.000741 0.002522 0.008438 0.024939 0.064225 0.139559 0.213937 0.166361 0.113749 0.076536 0.054890 0.041388 0.031050 0.022423 0.015416 0.010052 0.006199 0.003607 0.001975 0.001014 0.000487 0.000218 0.000090 0.000034 0.000012 0.000004 0.000001 0.000000 0.000000 0.000000 0.000000 0.000000 0.000000 0.000000 0.000000 0.000000
0.000010 0.000183 0.001029 0.003344 0.010731 0.030398 0.074695 0.159265 0.205242 0.156746 0.106947 0.072580 0.052423 0.039498 0.029473 0.021143 0.014436 0.009348 0.005726 0.003309 0.001800 0.000918 0.000438 0.000194 0.000080 0.000030 0.000011 0.000003 0.000001 0.000000 0.000000 0.000000 0.000000 0.000000 0.000000 0.000000 0.000000 0.000000
0.000016 0.000265 0.001410 0.004383 0.013496 0.036626 0.086584 0.174385 0.196378 0.147644 0.100666 0.068896 0.050061 0.037666 0.027951 0.019917 0.013506 0.008686 0.005284 0.003033 0.001638 0.000830 0.000393 0.000174 0.000071 0.000027 0.000009 0.000003 0.000001 0.000000 0.000000 0.000000 0.000000 0.000000 0.000000 0.000000 0.000000 0.000000
0.000024 0.000379 0.001911 0.005678 0.016784 0.043728 0.099067 0.185484 0.187471 0.139058 0.094860 0.065453 0.047795 0.035890 0.026482 0.018745 0.012625 0.008064 0.004873 0.002778 0.001491 0.000750 0.000353 0.000155 0.000063 0.000024 0.000008 0.000002 0.000001 0.000000 0.000000 0.000000 0.000000 0.000000 0.000000 0.000000 0.000000 0.000000
0.000036 0.000534 0.002560 0.007275 0.020657 0.051682 0.111487 0.193089 0.178623 0.130980 0.089485 0.062226 0.045619 0.034171 0.025068 0.017627 0.011791 0.007481 0.004490 0.002543 0.001355 0.000678 0.000317 0.000138 0.000056 0.000021 0.000007 0.000002 0.000001 0.000000 0.000000 0.000000 0.000000 0.000000 0.000000 0.000000 0.000000 0.000000
0.000054 0.000889 0.003245 0.009218 0.025163 0.060368 0.124851 0.196178 0.169916 0.123397 0.084503 0.059191 0.043527 0.032507 0.023708 0.016560 0.011004 0.006934 0.004134 0.002326 0.001232 0.000612 0.000284 0.000123 0.000049 0.000018 0.000006 0.000002 0.000000 0.000000 0.000000 0.000000 0.000000 0.000000 0.000000 0.000000 0.000000 0.000000
0.000083 0.001336 0.004121 0.011558 0.030329 0.069831 0.136795 0.196967 0.161414 0.116288 0.079877 0.056328 0.041513 0.030899 0.022402 0.015545 0.010260 0.006422 0.003804 0.002126 0.001118 0.000552 0.000255 0.000110 0.000044 0.000016 0.000005 0.000002 0.000000 0.000000 0.000000 0.000000 0.000000 0.000000 0.000000 0.000000 0.000000 0.000000
0.000127 0.001902 0.005224 0.014340 0.036184 0.079756 0.152519 0.190469 0.153166 0.109634 0.075573 0.053620 0.039573 0.029346 0.021149 0.014579 0.009558 0.005944 0.003497 0.001942 0.001015 0.000498 0.000228 0.000097 0.000039 0.000014 0.000005 0.000001 0.000000 0.000000 0.000000 0.000000 0.000000 0.000000 0.000000 0.000000 0.000000 0.000000
0.000190 0.002621 0.006588 0.017609 0.042705 0.090645 0.164505 0.183651 0.145210 0.103408 0.071561 0.051053 0.037704 0.027848 0.019948 0.013661 0.008898 0.005496 0.003213 0.001772 0.000920 0.000448 0.000204 0.000087 0.000034 0.000012 0.000004 0.000001 0.000000 0.000000 0.000000 0.000000 0.000000 0.000000 0.000000 0.000000 0.000000 0.000000
0.000279 0.003528 0.008253 0.021401 0.049947 0.101804 0.173217 0.176626 0.137570 0.097588 0.067813 0.048613 0.035903 0.026404 0.018799 0.012791 0.008276 0.005079 0.002949 0.001617 0.000834 0.000404 0.000183 0.000077 0.000030 0.000011 0.000004 0.000001 0.000000 0.000000 0.000000 0.000000 0.000000 0.000000 0.000000 0.000000 0.000000 0.000000
0.000398 0.004667 0.010258 0.025753 0.057854 0.112707 0.179072 0.169488 0.130263 0.092146 0.064304 0.046290 0.034167 0.025014 0.017701 0.011965 0.007692 0.004690 0.002706 0.001474 0.000755 0.000363 0.000164 0.000069 0.000027 0.000009 0.000003 0.000001 0.000000 0.000000 0.000000 0.000000 0.000000 0.000000 0.000000 0.000000 0.000000 0.000000
0.000558 0.006085 0.012641 0.030691 0.066292 0.124012 0.181405 0.162319 0.123296 0.087057 0.061012 0.044075 0.032494 0.023677 0.016653 0.011184 0.007143 0.004327 0.002481 0.001342 0.000684 0.000327 0.000146 0.000061 0.000023 0.000008 0.000003 0.000001 0.000000 0.000000 0.000000 0.000000 0.000000 0.000000 0.000000 0.000000 0.000000 0.000000
0.000767 0.007837 0.015442 0.036216 0.075250 0.137922 0.177917 0.155187 0.116673 0.082297 0.057916 0.041958 0.030883 0.022394 0.015653 0.010446 0.006629 0.003990 0.002273 0.001222 0.000619 0.000294 0.000131 0.000054 0.000021 0.000007 0.000002 0.000001 0.000000 0.000000 0.000000 0.000000 0.000000 0.000000 0.000000 0.000000 0.000000 0.000000
0.001039 0.009982 0.018694 0.042325 0.085058 0.148853 0.173763 0.148148 0.110391 0.077841 0.055000 0.039934 0.029331 0.021162 0.014701 0.009748 0.006146 0.003676 0.002081 0.001112 0.000559 0.000264 0.000117 0.000048 0.000018 0.000006 0.000002 0.000001 0.000000 0.000000 0.000000 0.000000 0.000000 0.000000 0.000000 0.000000 0.000000 0.000000
0.001389 0.012583 0.022423 0.049069 0.095126 0.157120 0.169081 0.141247 0.104442 0.073667 0.052246 0.037996 0.027838 0.019981 0.013796 0.009090 0.005695 0.003384 0.001904 0.001011 0.000505 0.000237 0.000104 0.000043 0.000016 0.000006 0.000002 0.000000 0.000000 0.000000 0.000000 0.000000 0.000000 0.000000 0.000000 0.000000 0.000000 0.000000
0.002596 0.014943 0.026662 0.056396 0.104988 0.163026 0.163994 0.134520 0.098817 0.069752 0.049642 0.036139 0.026402 0.018851 0.012936 0.008469 0.005272 0.003114 0.001740 0.000918 0.000456 0.000213 0.000093 0.000038 0.000014 0.000005 0.000001 0.000000 0.000000 0.000000 0.000000 0.000000 0.000000 0.000000 0.000000 0.000000 0.000000 0.000000
0.004040 0.017774 0.031430 0.064188 0.115075 0.166077 0.158607 0.127995 0.093505 0.066076 0.047174 0.034360 0.025022 0.017770 0.012120 0.007885 0.004878 0.002863 0.001590 0.000834 0.000412 0.000191 0.000083 0.000033 0.000012 0.000004 0.000001 0.000000 0.000000 0.000000 0.000000 0.000000 0.000000 0.000000 0.000000 0.000000 0.000000 0.000000
0.005771 0.021122 0.036723 0.072410 0.126833 0.164712 0.153013 0.121692 0.088492 0.062622 0.044832 0.032653 0.023696 0.016737 0.011346 0.007335 0.004510 0.002630 0.001452 0.000757 0.000371 0.000171 0.000074 0.000030 0.000011 0.000004 0.000001 0.000000 0.000000 0.000000 0.000000 0.000000 0.000000 0.000000 0.000000 0.000000 0.000000 0.000000
0.007842 0.025030 0.042533 0.081271 0.136287 0.162574 0.147288 0.115624 0.083764 0.059370 0.042606 0.031016 0.022424 0.015752 0.010613 0.006819 0.004166 0.002415 0.001325 0.000686 0.000335 0.000153 0.000066 0.000026 0.000010 0.000003 0.000001 0.000000 0.000000 0.000000 0.000000 0.000000 0.000000 0.000000 0.000000 0.000000 0.000000 0.000000
0.011947 0.027900 0.048886 0.090294 0.143648 0.159780 0.141501 0.109801 0.079305 0.056306 0.040488 0.029446 0.021205 0.014812 0.009919 0.006334 0.003846 0.002216 0.001208 0.000622 0.000302 0.000137 0.000058 0.000023 0.000008 0.000003 0.000001 0.000000 0.000000 0.000000 0.000000 0.000000 0.000000 0.000000 0.000000 0.000000 0.000000 0.000000
0.016555 0.031367 0.055726 0.099107 0.149122 0.156439 0.135707 0.104227 0.075102 0.053415 0.038470 0.027940 0.020037 0.013918 0.009264 0.005879 0.003548 0.002031 0.001101 0.000563 0.000272 0.000123 0.000052 0.000020 0.000007 0.000002 0.000001 0.000000 0.000000 0.000000 0.000000 0.000000 0.000000 0.000000 0.000000 0.000000 0.000000 0.000000
0.021773 0.035419 0.062943 0.107954 0.152380 0.152650 0.129954 0.098904 0.071138 0.050684 0.036545 0.026495 0.018918 0.013068 0.008646 0.005453 0.003271 0.001861 0.001003 0.000510 0.000244 0.000110 0.000046 0.000018 0.000007 0.000002 0.000001 0.000000 0.000000 0.000000 0.000000 0.000000 0.000000 0.000000 0.000000 0.000000 0.000000 0.000000
0.027706 0.040029 0.070482 0.117722 0.152429 0.148502 0.124279 0.093830 0.067400 0.048100 0.034708 0.025111 0.017849 0.012259 0.008062 0.005054 0.003013 0.001704 0.000913 0.000462 0.000220 0.000098 0.000041 0.000016 0.000006 0.000002 0.000000 0.000000 0.000000 0.000000 0.000000 0.000000 0.000000 0.000000 0.000000 0.000000 0.000000 0.000000
0.034455 0.045164 0.078447 0.125731 0.151712 0.144075 0.118714 0.088999 0.063873 0.045652 0.032954 0.023783 0.016827 0.011492 0.007512 0.004681 0.002774 0.001560 0.000830 0.000417 0.000198 0.000088 0.000036 0.000014 0.000005 0.000002 0.000000 0.000000 0.000000 0.000000 0.000000 0.000000 0.000000 0.000000 0.000000 0.000000 0.000000 0.000000
0.042121 0.050813 0.086473 0.132118 0.150316 0.139440 0.113283 0.084407 0.060543 0.043332 0.031278 0.022512 0.015852 0.010765 0.006995 0.004333 0.002552 0.001426 0.000755 0.000377 0.000178 0.000078 0.000032 0.000012 0.000004 0.000001 0.000000 0.000000 0.000000 0.000000 0.000000 0.000000 0.000000 0.000000 0.000000 0.000000 0.000000 0.000000
0.050801 0.056904 0.094270 0.137022 0.148328 0.134659 0.108006 0.080045 0.057397 0.041129 0.029676 0.021295 0.014923 0.010076 0.006508 0.004007 0.002346 0.001304 0.000686 0.000341 0.000159 0.000070 0.000029 0.000011 0.000004 0.000001 0.000000 0.000000 0.000000 0.000000 0.000000 0.000000 0.000000 0.000000 0.000000 0.000000 0.000000 0.000000
0.060582 0.063328 0.101942 0.140254 0.145830 0.129788 0.102896 0.075906 0.054424 0.039035 0.028144 0.020130 0.014037 0.009424 0.006051 0.003704 0.002156 0.001191 0.000623 0.000308 0.000143 0.000062 0.000025 0.000010 0.000003 0.000001 0.000000 0.000000 0.000000 0.000000 0.000000 0.000000 0.000000 0.000000 0.000000 0.000000 0.000000 0.000000
0.071535 0.070006 0.109944 0.141274 0.142898 0.124873 0.097963 0.071980 0.051611 0.037045 0.026680 0.019017 0.013194 0.008808 0.005622 0.003421 0.001979 0.001087 0.000565 0.000278 0.000128 0.000056 0.000023 0.000009 0.000003 0.000001 0.000000 0.000000 0.000000 0.000000 0.000000 0.000000 0.000000 0.000000 0.000000 0.000000 0.000000 0.000000
0.083717 0.076956 0.116633 0.141570 0.139604 0.119955 0.093214 0.068257 0.048949 0.035151 0.025279 0.017952 0.012392 0.008225 0.005220 0.003157 0.001816 0.000992 0.000513 0.000250 0.000115 0.000050 0.000020 0.000007 0.000003 0.000001 0.000000 0.000000 0.000000 0.000000 0.000000 0.000000 0.000000 0.000000 0.000000 0.000000 0.000000 0.000000
0.097186 0.083900 0.122093 0.141211 0.136013 0.115068 0.088653 0.064728 0.046427 0.033346 0.023940 0.016936 0.011631 0.007676 0.004843 0.002912 0.001666 0.000904 0.000465 0.000226 0.000103 0.000044 0.000018 0.000007 0.000002 0.000001 0.000000 0.000000 0.000000 0.000000 0.000000 0.000000 0.000000 0.000000 0.000000 0.000000 0.000000 0.000000
0.111957 0.090624 0.126407 0.140261 0.132185 0.110240 0.084280 0.061384 0.044036 0.031627 0.022660 0.015966 0.010908 0.007158 0.004490 0.002684 0.001526 0.000824 0.000421 0.000203 0.000092 0.000039 0.000016 0.000006 0.000002 0.000001 0.000000 0.000000 0.000000 0.000000 0.000000 0.000000 0.000000 0.000000 0.000000 0.000000 0.000000 0.000000
0.128002 0.097682 0.128939 0.138785 0.128174 0.105495 0.080096 0.058213 0.041769 0.029988 0.021437 0.015042 0.010223 0.006671 0.004160 0.002473 0.001398 0.000750 0.000381 0.000183 0.000083 0.000035 0.000014 0.000005 0.000002 0.000000 0.000000 0.000000 0.000000 0.000000 0.000000 0.000000 0.000000 0.000000 0.000000 0.000000 0.000000 0.000000
0.145393 0.103857 0.130738 0.136846 0.124029 0.100853 0.076096 0.055208 0.039616 0.028425 0.020268 0.014161 0.009573 0.006212 0.003852 0.002276 0.001280 0.000683 0.000345 0.000165 0.000074 0.000031 0.000012 0.000004 0.000001 0.000000 0.000000 0.000000 0.000000 0.000000 0.000000 0.000000 0.000000 0.000000 0.000000 0.000000 0.000000 0.000000
0.163984 0.109160 0.131855 0.134503 0.119793 0.096329 0.072279 0.052358 0.037570 0.026934 0.019152 0.013323 0.008959 0.005780 0.003564 0.002094 0.001170 0.000621 0.000312 0.000148 0.000066 0.000028 0.000011 0.000004 0.000001 0.000000 0.000000 0.000000 0.000000 0.000000 0.000000 0.000000 0.000000 0.000000 0.000000 0.000000 0.000000 0.000000
0.183629 0.113613 0.132339 0.131815 0.115505 0.091933 0.068638 0.049655 0.035626 0.025512 0.018086 0.012525 0.008378 0.005375 0.003295 0.001925 0.001070 0.000564 0.000282 0.000133 0.000059 0.000025 0.000010 0.000003 0.000001 0.000000 0.000000 0.000000 0.000000 0.000000 0.000000 0.000000 0.000000 0.000000 0.000000 0.000000 0.000000 0.000000
0.204393 0.117036 0.132243 0.128834 0.111197 0.087675 0.065168 0.047091 0.033778 0.024155 0.017070 0.011767 0.007829 0.004995 0.003045 0.001769 0.000978 0.000513 0.000255 0.000120 0.000053 0.000022 0.000008 0.000003 0.000001 0.000000 0.000000 0.000000 0.000000 0.000000 0.000000 0.000000 0.000000 0.000000 0.000000 0.000000 0.000000 0.000000
