20517.117438
20620.135240
20561.260605
20544.193259
20533.982560
20525.715504
20519.981619
20514.863760
20511.219526
20508.164611
20504.750686
20502.303381
20500.622964
20498.544250
20496.145446
20494.925644
20493.942982
20492.338672
20490.829508
20489.166047
20488.348409
20487.706499
20486.606597
20485.300890
20484.963447
20483.929705
20482.911728
20481.930398
20481.325600
20480.837841
20480.176345
20479.472547
20478.997337
20478.264396
20477.759495
20477.109150
20476.374040
20475.745289
20475.467207
20475.418671
20474.544092
20474.311105
20474.111041
20473.533435
20473.069854
20472.322190
20472.165377
20471.991360
20471.402522
20471.218937
20470.752387
20470.635690
20469.852320
20469.823170
20469.434936
20469.263877
20468.993706
20468.796880
20468.174817
20467.997563
20468.100637
20467.375451
20467.118147
20467.329934
20466.703678
20466.452659
20466.349600
20466.131257
20466.056782
20465.542155
20465.423367
20465.487658
20464.817160
20464.765021
20464.633376
20464.668218
20464.186961
20463.789785
20463.926586
20463.637451
20463.415872
20463.260648
20463.156174
20463.002012
20462.966555
20462.771106
20462.425570
20462.127482
20462.119203
20462.047115
20462.042057
20461.642919
20461.459547
20461.279296
20461.381797
20461.180867
20460.938622
20460.864078
20460.780970
20460.488565
20460.482083
20460.135947
20460.201718
20460.059291
20459.930314
20459.939423
20459.572072
20459.486491
20459.569486
20459.467103
20459.263936
20459.112166
20458.978243
20458.702284
20458.869592
20458.892406
20458.513397
20458.540117
20458.258327
20457.976558
20458.191392
20458.137716
20457.950685
20457.726183
20457.742262
20457.744992
20457.596212
20457.568180
20457.243621
20457.165762
20457.076499
20457.173571
20456.895006
20457.086476
20456.850199
20456.562856
20456.727222
20456.448878
20456.460513
20456.443851
20456.267436
20456.134096
20456.131097
20456.114829
20455.902734
20455.909378
20455.901172
20455.664420
20455.552646
20455.456901
20455.640458
20455.586518
20455.357000
20455.466591
20455.335144
20455.109546
20455.058971
20455.077285
20454.974594
20454.780730
20454.654274
20454.757822
20454.676877
20454.698750
20454.703198
20454.384773
20454.332653
20454.222296
20454.275732
20454.348733
20454.059149
20453.936311
20453.923447
20454.057961
20453.836584
20453.840622
20453.795714
20453.721428
20453.772305
20453.680623
20453.362009
20453.525781
20453.409821
20453.445219
20453.301321
20453.033018
20453.202093
20453.171516
20453.134558
20452.981860
20452.963962
20452.899892
20452.752664
20452.821307
20452.756107
20452.797102
20452.561532
20452.495910
20452.597992
20452.462384
20452.400462
20452.498010
20452.364209
20452.239379
20452.194097
20452.304785
20452.262088
20452.062963
20451.929916
20451.928992
20452.103174
20451.893415
20451.831633
20451.748878
20451.712180
20451.669326
20451.713333
20451.523079
20451.702691
20451.619714
20451.431225
20451.478862
20451.353184
20451.391254
20451.403758
20451.256794
20451.231067
20451.120114
20451.101816
20451.077063
20451.045958
20451.076487
20450.933246
20450.947341
20450.913737
20450.762933
20450.850876
20450.665995
20450.630883
20450.706242
20450.849749
20450.555004
20450.563388
20450.610956
20450.530251
20450.438526
20450.410187
20450.224826
20450.391544
20450.298805
20450.113706
20450.253410
20450.258865
20450.142208
20450.002391
20450.121796
20450.016590
20450.092685
20449.889370
20449.866246
20449.859770
20449.851964
20449.792040
20449.875039
20449.766775
20449.537574
20449.623473
20449.711503
20449.689848
20449.558450
20449.532557
20449.516378
20449.384059
20449.431018
20449.298585
20449.446255
20449.261292
20449.215018
20449.268551
20449.274273
20449.234987
20449.301810
20449.102700
20449.087516
20448.954785
20449.018102
20449.009612
20448.921150
20448.941531
20448.841904
20448.899955
20448.838144
20448.690254
20448.768212
20448.781739
20448.609726
20448.664175
20448.751021
20448.678073
20448.620203
20448.501338
20448.390430
20448.542254
20448.586030
20448.458131
20448.402005
20448.368146
20448.273610
20448.301122
20448.291992
20448.195130
20448.285241
20448.149569
20448.121286
20448.113764
20448.089800
20448.245333
20448.097622
20448.090033
20448.029444
20447.892086
20447.972272
20447.913576
20447.835434
20447.991107
20447.925381
20447.794293
20447.812943
20447.749752
20447.746705
20447.826977
20447.560405
20447.476369
20447.762604
20447.763481
20447.541346
20447.567192
20447.558303
20447.477561
20447.560738
20447.370897
20447.251491
20447.555132
20447.345487
20447.397644
20447.465107
20447.267504
20447.210756
20447.285022
20447.164293
20447.220225
20447.280457
20447.236485
20447.136644
20447.109390
20446.993495
20447.091566
20447.053179
20447.145262
20447.021504
20446.933550
20446.935128
20446.876584
20446.972388
20446.906510
20446.880537
20446.929715
20446.784918
20446.802827
20446.681210
20446.794425
20446.779732
20446.745615
20446.590194
20446.696845
20446.684676
20446.557694
20446.573077
20446.650540
20446.549397
20446.597240
20446.464345
20446.430334
20446.486583
20446.503301
20446.504889
20446.415311
20446.302472
20446.360157
20446.391976
20446.305470
20446.289026
20446.247346
20446.361151
20446.259736
20446.138530
20446.194835
20446.152740
20446.257191
20446.054676
20446.044573
20446.089673
20446.100777
20446.114505
20446.061264
20446.041347
20445.904945
20445.871399
20445.945028
20445.956622
20445.990061
20445.880628
20445.915276
20445.874228
20445.811612
20445.856711
20445.808797
20445.826638
20445.839063
20445.728945
20445.657833
20445.716423
20445.703208
20445.705994
20445.595246
20445.658736
20445.658780
20445.524660
20445.560008
20445.556195
20445.541794
20445.641351
20445.438917
20445.449166
20445.535571
20445.483160
20445.406606
20445.435168
20445.378121
20445.257258
20445.316318
20445.343184
20445.341960
20445.341372
20445.243298
20445.247227
20445.251657
20445.277868
20445.190929
20445.035612
20445.257164
20445.233926
20445.163440
20445.198426
20445.054435
20445.124001
20445.044226
20445.038843
20445.044626
20444.999619
20445.003712
20444.964554
20444.975455
20444.999032
20444.902041
20444.836738
20444.935724
20444.957612
20444.893981
20444.835977
20444.806482
20444.846091
20444.878416
20444.738054
20444.712336
20444.854894
20444.746556
20444.630681
20444.659223
20444.727546
20444.761195
20444.530942
20444.789790
20444.622869
20444.510790
20444.639811
20444.541665
20444.575545
20444.557309
20444.539117
20444.494092
20444.492855
20444.483431
20444.516624
20444.537703
20444.418090
20444.368727
20444.396504
20444.384730
20444.390555
20444.336901
20444.390347
20444.346938
20444.255760
20444.326343
20444.243900
20444.317041
20444.319493
20444.218357
20444.148752
20444.164682
20444.155009
20444.183633
20444.169872
20444.243683
20444.093788
20444.168190
20444.111091
20444.073046
20444.099150
20444.067726
20444.005833
20444.005746
20444.150075
20444.066002
20443.886362
20443.912383
20443.931028
20443.954848
20443.944659
20443.936262
20443.896694
20443.883976
20443.909105
20443.887997
20443.781732
20443.816154
20443.892464
20443.830023
20443.781474
20443.823072
20443.772881
20443.693817
20443.701004
20443.710463
20443.708238
20443.656878
20443.671745
20443.726376
20443.641364
20443.695076
20443.581687
20443.657655
20443.579512
20443.627375
20443.579020
20443.492239
20443.595088
20443.556151
20443.441035
20443.556132
20443.452550
20443.414801
20443.607296
20443.440237
20443.356115
20443.446042
20443.374112
20443.420819
20443.491588
20443.366882
20443.276379
20443.277732
20443.373897
20443.353041
20443.244282
20443.294903
20443.347397
20443.318287
20443.222447
20443.267096
20443.209338
20443.142973
20443.226718
20443.339785
20443.143990
20443.143504
20443.128803
20443.131005
20443.169130
20443.089246
20443.072842
20443.082934
20443.096759
20443.062490
20443.038576
20442.948109
20443.070849
20443.061701
20443.019817
20442.976562
20442.948331
20442.973415
20442.977428
20442.990165
20442.970773
20442.899090
20442.860190
20442.973024
20442.865855
20442.825324
20442.878830
20442.855190
20442.842505
20442.851119
20442.847029
20442.753426
20442.759974
20442.780393
20442.766463
20442.762797
20442.732989
20442.716274
20442.730473
20442.763989
20442.670310
20442.662838
20442.678255
20442.618463
20442.615502
20442.686124
20442.599562
20442.656657
20442.650515
20442.611996
20442.564877
20442.563430
20442.495445
20442.567300
20442.541189
20442.483468
20442.482975
20442.460657
20442.495754
20442.527771
20442.467961
20442.528437
20442.384192
20442.406284
20442.421857
20442.424963
20442.438932
20442.333234
20442.330434
20442.397225
20442.331126
20442.362504
20442.283604
20442.323626
20442.303170
20442.319863
20442.330970
20442.265791
20442.247723
20442.309837
20442.230208
20442.164166
20442.243200
20442.258502
20442.141494
20442.230845
20442.204833
20442.105581
20442.127958
20442.127348
20442.140317
20442.132039
20442.113026
20442.083367
20442.147983
20442.140040
20441.977527
20442.041176
20442.022319
20442.068515
20442.113761
20442.009332
20441.946229
20441.986115
20441.981226
20441.874686
20441.955313
20441.984758
20441.906681
20441.982270
20441.936540
20441.879420
20441.983248
20441.854357
20441.808388
20441.930662
20441.881435
20441.757759
20441.878910
20441.909471
20441.758322
20441.797831
20441.726060
20441.771656
20441.782394
20441.778064
20441.814515
20441.750740
20441.704665
20441.680435
20441.766267
20441.759707
20441.678423
20441.658190
20441.704364
20441.661605
20441.675478
20441.605808
20441.638952
20441.582669
20441.706659
20441.649193
20441.527287
20441.603703
20441.529130
20441.517100
20441.582747
20441.611849
20441.465004
20441.542423
20441.557729
20441.510704
20441.502578
20441.448031
20441.483783
20441.526844
20441.433378
20441.406643
20441.374464
20441.535606
20441.444503
20441.424744
20441.387703
20441.319411
20441.418277
20441.366453
20441.241633
20441.414467
20441.346965
20441.327364
20441.371803
20441.345304
20441.260034
20441.262253
20441.316598
20441.275844
20441.275162
20441.265407
20441.262703
20441.279292
20441.238340
20441.199287
20441.152809
20441.204714
20441.263782
20441.150495
20441.192994
20441.129375
20441.109265
20441.137950
20441.134809
20441.184244
20441.190430
20441.036719
20441.063248
20441.105499
20441.063975
20441.095816
20441.106833
20441.036753
20441.106946
20441.079226
20440.943032
20441.017028
20441.011296
20441.039288
20441.021508
20441.002337
20440.939817
20440.899158
20440.926715
20440.999365
20440.984462
20440.871514
20440.949659
20440.885759
20440.868709
20440.896497
20440.873740
20440.927504
20440.904258
20440.852510
20440.800981
20440.859477
20440.832468
20440.803214
20440.827781
20440.803678
20440.719476
20440.847463
20440.761325
20440.760150
20440.811611
20440.693899
20440.760593
20440.810753
20440.753984
20440.706958
20440.694354
20440.733542
20440.713807
20440.616172
20440.735738
20440.660446
20440.657168
20440.665352
20440.658895
20440.652352
20440.608659
20440.630868
20440.639742
20440.592057
20440.583456
20440.612697
20440.584590
20440.537839
20440.513121
20440.597592
20440.487520
20440.468595
20440.604089
20440.483643
20440.489720
20440.556288
20440.457554
20440.442269
20440.514476
20440.418223
20440.453134
20440.440675
20440.461314
20440.519973
20440.401358
20440.413207
20440.442500
20440.389715
20440.354661
20440.402217
20440.406523
20440.410111
20440.374707
20440.306683
20440.347170
20440.332963
20440.281754
20440.334637
20440.334794
20440.254708
20440.270684
20440.336058
20440.277455
20440.289524
20440.294729
20440.177950
20440.224704
20440.274155
20440.277685
20440.242789
20440.164816
20440.212922
20440.244035
20440.136114
20440.237159
20440.186836
20440.088797
20440.187701
20440.217124
20440.089784
20440.115978
20440.084739
20440.162572
20440.142559
20440.091299
20440.091235
20440.079735
20440.086795
20440.111010
20440.127510
20440.090014
20440.005153
20440.038898
20439.999509
20440.024477
20440.009864
20440.021878
20440.130975
20440.011837
20439.958068
20439.949744
20439.988767
20440.046640
20439.967790
20439.945535
20439.894928
20439.945048
20439.925824
20439.843712
20439.990238
20439.937317
20439.875868
20439.867369
20439.864662
20439.926855
20439.850728
20439.874408
20439.938323
20439.808843
20439.790424
20439.817352
20439.863983
20439.853263
20439.790983
20439.812998
20439.817195
20439.782062
20439.802433
20439.770089
20439.784803
20439.727665
20439.777407
20439.706920
20439.840780
20439.746333
20439.664357
20439.805099
20439.705397
20439.640985
20439.617348
20439.716270
20439.748245
20439.715430
20439.672792
20439.602180
20439.702832
20439.646053
20439.598744
20439.665604
20439.570090
20439.667677
20439.648481
20439.570361
20439.621950
20439.610375
20439.604261
20439.580593
20439.486038
20439.594735
20439.574400
20439.486437
20439.590964
20439.648679
20439.470365
20439.539389
20439.542131
20439.501258
20439.467030
20439.489003
20439.513867
20439.471272
20439.470318
20439.419350
20439.454761
20439.539841
20439.391932
20439.419154
20439.446077
20439.405551
20439.487347
20439.416011
20439.376619
20439.425151
20439.325046
20439.439655
20439.437270
20439.301439
20439.395699
20439.390432
20439.294902
20439.434175
20439.317947
20439.315272
20439.330970
20439.274624
20439.349216
20439.272418
20439.333999
20439.327696
20439.315002
20439.301068
20439.274253
20439.217752
20439.259907
20439.239395
20439.208448
20439.162150
20439.309505
20439.238583
20439.248581
20439.172277
20439.220661
20439.216347
20439.160963
20439.219078
20439.179125
20439.225079
20439.152762
20439.154197
20439.189993
20439.129984
20439.190553
20439.108522
20439.142818
20439.148194
20439.026906
20439.212949
20439.086054
20439.066611
20439.094001
20439.104195
20439.025267
20439.118557
20439.109428
20439.100386
20439.101707
20439.052839
20438.995065
20439.057420
20438.957354
20439.108078
20439.037098
20438.965152
20438.962616
20439.012466
20439.004298
20438.969468
20439.037539
20438.930686
20438.955327
20439.005342
20439.008748
20438.912648
20438.855206
20438.976649
20438.939951
20438.874476
20438.933464
20438.938030
20438.954151
20438.865331
20438.877145
20438.925360
20438.921284
20438.888835
20438.814461
20438.889261
20438.872597
20438.801522
20438.927134
20438.820828
20438.841392
20438.831681
20438.803785
20438.817404
20438.867719
20438.801355
20438.754403
20438.801653
20438.779460
20438.781556
20438.789012
20438.718188
20438.771105
20438.783434
20438.771570
20438.725635
20438.781996
20438.728836
20438.727053
20438.749510
20438.676849
20438.763225
20438.681523
20438.663394
20438.682195
20438.705571
20438.689713
20438.715752
20438.656220
20438.692723
20438.665176
20438.641658
20438.668791
20438.652160
20438.608557
20438.577916
20438.678683
20438.607744
20438.652300
20438.596138
20438.609384
20438.566036
20438.559119
20438.606344
20438.614161
20438.576005
20438.543466
20438.559127
20438.579963
20438.595338
20438.588656
20438.461488
20438.550459
20438.492537
20438.527247
20438.578086
20438.447990
20438.535747
20438.518886
20438.477957
20438.477636
20438.500767
20438.473658
20438.458687
20438.410541
20438.510154
20438.583289
20438.425601
20438.401473
20438.452925
20438.437923
20438.439785
20438.426999
20438.405974
20438.401218
20438.423328
20438.319602
20438.398652
20438.418157
20438.396370
20438.291111
20438.417711
20438.423469
20438.317830
20438.369146
20438.356996
20438.341915
20438.288099
20438.332853
20438.311363
20438.353618
20438.312636
20438.327693
20438.335137
20438.301676
20438.325254
20438.291096
20438.280411
20438.284892
20438.260829
20438.265062
20438.279757
20438.238567
20438.245892
20438.293260
20438.260557
20438.219420
20438.222394
20438.188987
20438.259292
20438.276843
20438.164993
20438.162314
20438.202081
20438.201821
20438.182829
20438.202266
20438.222853
20438.150214
20438.160963
20438.160762
20438.241251
20438.139597
20438.120488
20438.133627
20438.100944
20438.145796
20438.118882
20438.114723
20438.204659
20438.062154
20438.073065
20438.138459
20438.078310
20438.085742
20438.125810
20438.097954
20438.050618
20438.100031
20438.051919
20438.028471
20438.123862
20438.006362
20438.032567
20438.069447
20438.052803
20438.039620
20438.053715
20438.021288
20438.060117
20438.018914
20437.983369
20437.976314
20437.938275
20437.985001
20438.036668
20438.008536
20437.948462
20437.926957
20437.993473
20438.006470
20437.920947
20437.974583
20437.901318
20437.910070
20437.980643
20437.946615
20437.912788
20437.913971
20437.920040
20437.865126
20437.977015
20437.905380
20437.924782
20437.903075
20437.846489
20437.916704
20437.813957
20437.898550
20437.871456
20437.867781
20437.836315
20437.819995
20437.949493
20437.820060
20437.818141
20437.841513
20437.808061
20437.888762
20437.752874
20437.802835
20437.877498
20437.784544
20437.792560
20437.795981
20437.733184
20437.816133
20437.808052
20437.785010
20437.772785
20437.743744
20437.782844
20437.731116
20437.764227
20437.788909
20437.747965
20437.718046
20437.726785
20437.717677
20437.724091
20437.759667
20437.729125
20437.658583
20437.692275
20437.714556
20437.718827
20437.715840
20437.718597
20437.617210
20437.724157
20437.664490
20437.636106
20437.693694
20437.615795
20437.624574
20437.689408
20437.622203
20437.617469
20437.668878
20437.623890
20437.556487
20437.673027
20437.699079
20437.552292
20437.617278
20437.615120
20437.604004
20437.568648
20437.543042
20437.613887
20437.616577
20437.538856
20437.535377
20437.575515
20437.574462
20437.491458
20437.566663
20437.534548
20437.530418
20437.513776
20437.549669
20437.546406
20437.546306
20437.461912
20437.537389
20437.474888
20437.551078
20437.570604
20437.425878
20437.449716
20437.476582
20437.528721
20437.494240
20437.470432
20437.432906
20437.466704
20437.458052
20437.470585
20437.448017
20437.412343
20437.399116
20437.449343
20437.445799
20437.370924
20437.475104
20437.367954
20437.395911
20437.407976
20437.376517
20437.419569
20437.349206
20437.475383
20437.363709
20437.399083
20437.413070
20437.397321
20437.351730
20437.311170
20437.398008
20437.380645
20437.288790
20437.316824
20437.334734
20437.384812
20437.324192
20437.305171
20437.294183
20437.327199
20437.315032
20437.248136
20437.364985
20437.336066
20437.301702
20437.288216
20437.261861
20437.279650
20437.304620
20437.268508
20437.226157
20437.210725
20437.257465
20437.288092
20437.235463
20437.271428
20437.252102
20437.215595
20437.225049
20437.200897
20437.278705
20437.226411
20437.191375
20437.203592
20437.128620
20437.199999
20437.222562
20437.180201
20437.238081
20437.202729
20437.143979
20437.197546
20437.195297
20437.216272
20437.133939
20437.155131
20437.122363
20437.162686
20437.171754
20437.155001
20437.173817
20437.134508
20437.074648
20437.084237
20437.160762
20437.090648
20437.047641
20437.127402
20437.120913
20437.133879
20437.114279
20437.060602
20437.079867
20437.077923
20437.117453
20437.065233
20437.069989
20437.049309
20437.059667
20437.040520
20437.045669
20437.102592
20437.046418
20436.985335
20437.092902
20437.014890
20436.983434
20437.005139
20437.072331
20436.992147
20436.997010
20436.987118
20436.992623
20436.996250
20436.961559
20436.952963
20437.000744
20436.987598
20436.944832
20437.021601
20436.954286
20436.948173
20437.019996
20436.967166
20436.919456
20436.918237
20436.899545
20436.994532
20436.912351
20436.970239
20436.931396
20436.866270
20436.923973
20436.896180
20436.930261
20436.871088
20436.961311
20436.880847
20436.849868
20436.826313
20436.899954
20436.944254
20436.899828
20436.843707
20436.827328
20436.916427
20436.838176
20436.811814
20436.849781
20436.835955
20436.807994
20436.833679
20436.859267
20436.831476
20436.846281
20436.817152
20436.783594
20436.816527
20436.888111
20436.788901
20436.801815
20436.783175
20436.820646
20436.769980
20436.784697
20436.799817
20436.777023
20436.779788
20436.765781
20436.814049
20436.736661
20436.725892
20436.724360
20436.785957
20436.797511
20436.720205
20436.746981
20436.614281
20436.746444
20436.761844
20436.739590
20436.661812
20436.700075
20436.702258
20436.690750
20436.746214
20436.723051
20436.637284
20436.724696
20436.722709
20436.626174
20436.626882
20436.698958
20436.687522
20436.636995
20436.683705
20436.688762
20436.666084
