# lambda[:, :, 0]
# leg 0, t=0
0.000000	0.000000	0.000000	0.000000	0.000000	0.000000	0.000000	0.000000	0.000000	0.000000	22.400112	192.000000	25.046160	212.000000	17.439916	188.000000	25.730321	224.000000	21.964683	224.000000	0.000000	0.000000	0.000000	0.000000	0.000000	0.000000	0.000000	0.000000	0.000000	0.000000	0.000000	0.000000	0.000000	0.000000	0.000000	0.000000	0.000000	0.000000	0.000000	0.000000	0.000000	0.000000	0.000000	0.000000	0.000000	0.000000	0.000000	0.000000	0.000000	0.000000	0.000000	0.000000	0.000000	0.000000	0.000000	0.000000	0.000000	0.000000	0.000000	0.000000
# leg 1, t=0
0.000000	0.000000	0.000000	0.000000	0.000000	0.000000	0.000000	0.000000	0.000000	0.000000	0.000000	0.000000	0.000000	0.000000	0.000000	0.000000	0.000000	0.000000	0.000000	0.000000	38.331977	272.000000	29.564868	212.000000	44.556847	328.000000	48.000000	384.000000	47.500000	380.000000	0.000000	0.000000	0.000000	0.000000	0.000000	0.000000	0.000000	0.000000	0.000000	0.000000	0.000000	0.000000	0.000000	0.000000	0.000000	0.000000	0.000000	0.000000	0.000000	0.000000	0.000000	0.000000	0.000000	0.000000	0.000000	0.000000	0.000000	0.000000	0.000000	0.000000
# leg 2, t=0
0.000000	0.000000	0.000000	0.000000	0.000000	0.000000	0.000000	0.000000	0.000000	0.000000	0.000000	0.000000	0.000000	0.000000	0.000000	0.000000	0.000000	0.000000	0.000000	0.000000	0.000000	0.000000	0.000000	0.000000	0.000000	0.000000	0.000000	0.000000	0.000000	0.000000	67.000000	536.000000	31.118160	188.000000	39.500694	328.000000	46.500000	372.000000	46.500000	372.000000	0.000000	0.000000	0.000000	0.000000	0.000000	0.000000	0.000000	0.000000	0.000000	0.000000	0.000000	0.000000	0.000000	0.000000	0.000000	0.000000	0.000000	0.000000	0.000000	0.000000
# leg 3, t=0
0.000000	0.000000	0.000000	0.000000	0.000000	0.000000	0.000000	0.000000	0.000000	0.000000	0.000000	0.000000	0.000000	0.000000	0.000000	0.000000	0.000000	0.000000	0.000000	0.000000	0.000000	0.000000	0.000000	0.000000	0.000000	0.000000	0.000000	0.000000	0.000000	0.000000	0.000000	0.000000	0.000000	0.000000	0.000000	0.000000	0.000000	0.000000	0.000000	0.000000	62.000000	496.000000	32.403803	224.000000	48.000000	384.000000	46.500000	372.000000	4.527910	8.000000	0.000000	0.000000	0.000000	0.000000	0.000000	0.000000	0.000000	0.000000	0.000000	0.000000
# leg 4, t=0
0.000000	0.000000	0.000000	0.000000	0.000000	0.000000	0.000000	0.000000	0.000000	0.000000	0.000000	0.000000	0.000000	0.000000	0.000000	0.000000	0.000000	0.000000	0.000000	0.000000	0.000000	0.000000	0.000000	0.000000	0.000000	0.000000	0.000000	0.000000	0.000000	0.000000	0.000000	0.000000	0.000000	0.000000	0.000000	0.000000	0.000000	0.000000	0.000000	0.000000	0.000000	0.000000	0.000000	0.000000	0.000000	0.000000	0.000000	0.000000	0.000000	0.000000	61.000000	488.000000	28.000000	224.000000	47.500000	380.000000	46.500000	372.000000	5.084942	8.000000
# leg 5, t=0
22.978089	192.000000	0.000000	0.000000	0.000000	0.000000	0.000000	0.000000	0.000000	0.000000	0.000000	0.000000	0.000000	0.000000	0.000000	0.000000	0.000000	0.000000	0.000000	0.000000	0.000000	0.000000	23.436885	212.000000	0.000000	0.000000	0.000000	0.000000	0.000000	0.000000	0.000000	0.000000	16.005080	188.000000	0.000000	0.000000	0.000000	0.000000	0.000000	0.000000	0.000000	0.000000	23.583175	224.000000	0.000000	0.000000	0.000000	0.000000	0.000000	0.000000	0.000000	0.000000	28.000000	224.000000	0.000000	0.000000	0.000000	0.000000	0.000000	0.000000
# leg 6, t=0
0.000000	0.000000	36.043507	272.000000	0.000000	0.000000	0.000000	0.000000	0.000000	0.000000	0.000000	0.000000	27.953015	212.000000	0.000000	0.000000	0.000000	0.000000	0.000000	0.000000	0.000000	0.000000	0.000000	0.000000	0.000000	0.000000	0.000000	0.000000	0.000000	0.000000	0.000000	0.000000	0.000000	0.000000	42.492420	328.000000	0.000000	0.000000	0.000000	0.000000	0.000000	0.000000	0.000000	0.000000	48.000000	384.000000	0.000000	0.000000	0.000000	0.000000	0.000000	0.000000	0.000000	0.000000	47.500000	380.000000	0.000000	0.000000	0.000000	0.000000
# leg 7, t=0
0.000000	0.000000	0.000000	0.000000	67.000000	536.000000	0.000000	0.000000	0.000000	0.000000	0.000000	0.000000	0.000000	0.000000	29.584735	188.000000	0.000000	0.000000	0.000000	0.000000	0.000000	0.000000	0.000000	0.000000	37.442400	328.000000	0.000000	0.000000	0.000000	0.000000	0.000000	0.000000	0.000000	0.000000	0.000000	0.000000	0.000000	0.000000	0.000000	0.000000	0.000000	0.000000	0.000000	0.000000	0.000000	0.000000	46.500000	372.000000	0.000000	0.000000	0.000000	0.000000	0.000000	0.000000	0.000000	0.000000	46.500000	372.000000	0.000000	0.000000
# leg 8, t=0
0.000000	0.000000	0.000000	0.000000	0.000000	0.000000	62.000000	496.000000	0.000000	0.000000	0.000000	0.000000	0.000000	0.000000	0.000000	0.000000	30.204908	224.000000	0.000000	0.000000	0.000000	0.000000	0.000000	0.000000	0.000000	0.000000	48.000000	384.000000	0.000000	0.000000	0.000000	0.000000	0.000000	0.000000	0.000000	0.000000	46.500000	372.000000	0.000000	0.000000	0.000000	0.000000	0.000000	0.000000	0.000000	0.000000	0.000000	0.000000	0.000000	0.000000	0.000000	0.000000	0.000000	0.000000	0.000000	0.000000	0.000000	0.000000	5.084942	8.000000
# leg 9, t=0
0.000000	0.000000	0.000000	0.000000	0.000000	0.000000	0.000000	0.000000	61.000000	488.000000	0.000000	0.000000	0.000000	0.000000	0.000000	0.000000	0.000000	0.000000	33.957857	224.000000	0.000000	0.000000	0.000000	0.000000	0.000000	0.000000	0.000000	0.000000	47.500000	380.000000	0.000000	0.000000	0.000000	0.000000	0.000000	0.000000	0.000000	0.000000	46.500000	372.000000	0.000000	0.000000	0.000000	0.000000	0.000000	0.000000	0.000000	0.000000	4.527910	8.000000	0.000000	0.000000	0.000000	0.000000	0.000000	0.000000	0.000000	0.000000	0.000000	0.000000

# lambda[:, :, 199]
# leg 0, t=199
0.000000	0.000000	0.000000	0.000000	0.000000	0.000000	0.000000	0.000000	0.000000	0.000000	23.999637	191.928489	26.499637	211.928198	23.477934	183.633078	28.011695	226.310435	27.998322	223.667925	0.000000	0.000000	0.000000	0.000000	0.000000	0.000000	0.000000	0.000000	0.000000	0.000000	0.000000	0.000000	0.000000	0.000000	0.000000	0.000000	0.000000	0.000000	0.000000	0.000000	0.000000	0.000000	0.000000	0.000000	0.000000	0.000000	0.000000	0.000000	0.000000	0.000000	0.000000	0.000000	0.000000	0.000000	0.000000	0.000000	0.000000	0.000000	0.000000	0.000000
# leg 1, t=199
0.000000	0.000000	0.000000	0.000000	0.000000	0.000000	0.000000	0.000000	0.000000	0.000000	0.000000	0.000000	0.000000	0.000000	0.000000	0.000000	0.000000	0.000000	0.000000	0.000000	33.999966	271.993339	26.500773	212.152899	41.006118	329.208767	48.085100	400.834545	47.524076	384.763178	0.000000	0.000000	0.000000	0.000000	0.000000	0.000000	0.000000	0.000000	0.000000	0.000000	0.000000	0.000000	0.000000	0.000000	0.000000	0.000000	0.000000	0.000000	0.000000	0.000000	0.000000	0.000000	0.000000	0.000000	0.000000	0.000000	0.000000	0.000000	0.000000	0.000000
# leg 2, t=199
0.000000	0.000000	0.000000	0.000000	0.000000	0.000000	0.000000	0.000000	0.000000	0.000000	0.000000	0.000000	0.000000	0.000000	0.000000	0.000000	0.000000	0.000000	0.000000	0.000000	0.000000	0.000000	0.000000	0.000000	0.000000	0.000000	0.000000	0.000000	0.000000	0.000000	66.999893	535.978850	23.520585	192.075387	40.965873	321.262067	46.504582	372.904623	46.511613	374.297568	0.000000	0.000000	0.000000	0.000000	0.000000	0.000000	0.000000	0.000000	0.000000	0.000000	0.000000	0.000000	0.000000	0.000000	0.000000	0.000000	0.000000	0.000000	0.000000	0.000000
# leg 3, t=199
0.000000	0.000000	0.000000	0.000000	0.000000	0.000000	0.000000	0.000000	0.000000	0.000000	0.000000	0.000000	0.000000	0.000000	0.000000	0.000000	0.000000	0.000000	0.000000	0.000000	0.000000	0.000000	0.000000	0.000000	0.000000	0.000000	0.000000	0.000000	0.000000	0.000000	0.000000	0.000000	0.000000	0.000000	0.000000	0.000000	0.000000	0.000000	0.000000	0.000000	61.999884	495.977137	28.000069	224.013586	47.959283	375.978778	46.475545	367.179339	0.994325	6.878592	0.000000	0.000000	0.000000	0.000000	0.000000	0.000000	0.000000	0.000000	0.000000	0.000000
# leg 4, t=199
0.000000	0.000000	0.000000	0.000000	0.000000	0.000000	0.000000	0.000000	0.000000	0.000000	0.000000	0.000000	0.000000	0.000000	0.000000	0.000000	0.000000	0.000000	0.000000	0.000000	0.000000	0.000000	0.000000	0.000000	0.000000	0.000000	0.000000	0.000000	0.000000	0.000000	0.000000	0.000000	0.000000	0.000000	0.000000	0.000000	0.000000	0.000000	0.000000	0.000000	0.000000	0.000000	0.000000	0.000000	0.000000	0.000000	0.000000	0.000000	0.000000	0.000000	60.999809	487.962203	27.987024	221.443003	47.479339	375.911702	46.469180	365.911656	0.998668	7.737136
# leg 5, t=199
23.999795	191.959460	0.000000	0.000000	0.000000	0.000000	0.000000	0.000000	0.000000	0.000000	0.000000	0.000000	0.000000	0.000000	0.000000	0.000000	0.000000	0.000000	0.000000	0.000000	0.000000	0.000000	26.499221	211.845826	0.000000	0.000000	0.000000	0.000000	0.000000	0.000000	0.000000	0.000000	23.478772	183.797349	0.000000	0.000000	0.000000	0.000000	0.000000	0.000000	0.000000	0.000000	27.999955	223.991170	0.000000	0.000000	0.000000	0.000000	0.000000	0.000000	0.000000	0.000000	28.012378	226.439199	0.000000	0.000000	0.000000	0.000000	0.000000	0.000000
# leg 6, t=199
0.000000	0.000000	34.000014	272.002769	0.000000	0.000000	0.000000	0.000000	0.000000	0.000000	0.000000	0.000000	26.500357	212.070511	0.000000	0.000000	0.000000	0.000000	0.000000	0.000000	0.000000	0.000000	0.000000	0.000000	0.000000	0.000000	0.000000	0.000000	0.000000	0.000000	0.000000	0.000000	0.000000	0.000000	41.033506	334.615430	0.000000	0.000000	0.000000	0.000000	0.000000	0.000000	0.000000	0.000000	48.040601	391.998370	0.000000	0.000000	0.000000	0.000000	0.000000	0.000000	0.000000	0.000000	47.520427	384.042005	0.000000	0.000000	0.000000	0.000000
# leg 7, t=199
0.000000	0.000000	0.000000	0.000000	67.000008	536.001662	0.000000	0.000000	0.000000	0.000000	0.000000	0.000000	0.000000	0.000000	23.521700	192.294471	0.000000	0.000000	0.000000	0.000000	0.000000	0.000000	0.000000	0.000000	40.993884	326.791816	0.000000	0.000000	0.000000	0.000000	0.000000	0.000000	0.000000	0.000000	0.000000	0.000000	0.000000	0.000000	0.000000	0.000000	0.000000	0.000000	0.000000	0.000000	0.000000	0.000000	46.523830	376.697499	0.000000	0.000000	0.000000	0.000000	0.000000	0.000000	0.000000	0.000000	46.530679	378.060520	0.000000	0.000000
# leg 8, t=199
0.000000	0.000000	0.000000	0.000000	0.000000	0.000000	61.999770	495.954426	0.000000	0.000000	0.000000	0.000000	0.000000	0.000000	0.000000	0.000000	27.988310	221.690652	0.000000	0.000000	0.000000	0.000000	0.000000	0.000000	0.000000	0.000000	47.913756	366.939039	0.000000	0.000000	0.000000	0.000000	0.000000	0.000000	0.000000	0.000000	46.495254	371.062942	0.000000	0.000000	0.000000	0.000000	0.000000	0.000000	0.000000	0.000000	0.000000	0.000000	0.000000	0.000000	0.000000	0.000000	0.000000	0.000000	0.000000	0.000000	0.000000	0.000000	1.001347	8.265685
# leg 9, t=199
0.000000	0.000000	0.000000	0.000000	0.000000	0.000000	0.000000	0.000000	60.999772	487.954884	0.000000	0.000000	0.000000	0.000000	0.000000	0.000000	0.000000	0.000000	28.001054	224.208564	0.000000	0.000000	0.000000	0.000000	0.000000	0.000000	0.000000	0.000000	47.475660	375.184465	0.000000	0.000000	0.000000	0.000000	0.000000	0.000000	0.000000	0.000000	46.487527	369.532267	0.000000	0.000000	0.000000	0.000000	0.000000	0.000000	0.000000	0.000000	1.005613	9.109084	0.000000	0.000000	0.000000	0.000000	0.000000	0.000000	0.000000	0.000000	0.000000	0.000000

