# lambda[:, :, 0]
# leg 0, t=0
0.000000	0.000000	0.000000	0.000000	0.000000	0.000000	0.000000	0.000000	23.002650	192.000000	20.076707	212.000000	20.033335	188.000000	26.623219	224.000000	0.000000	0.000000	0.000000	0.000000	0.000000	0.000000	0.000000	0.000000	0.000000	0.000000	0.000000	0.000000	0.000000	0.000000	0.000000	0.000000	0.000000	0.000000	0.000000	0.000000	0.000000	0.000000	0.000000	0.000000
# leg 1, t=0
0.000000	0.000000	0.000000	0.000000	0.000000	0.000000	0.000000	0.000000	0.000000	0.000000	0.000000	0.000000	0.000000	0.000000	0.000000	0.000000	34.121488	272.000000	32.919392	212.000000	34.856104	328.000000	34.244105	384.000000	0.000000	0.000000	0.000000	0.000000	0.000000	0.000000	0.000000	0.000000	0.000000	0.000000	0.000000	0.000000	0.000000	0.000000	0.000000	0.000000
# leg 2, t=0
0.000000	0.000000	0.000000	0.000000	0.000000	0.000000	0.000000	0.000000	0.000000	0.000000	0.000000	0.000000	0.000000	0.000000	0.000000	0.000000	0.000000	0.000000	0.000000	0.000000	0.000000	0.000000	0.000000	0.000000	67.000000	536.000000	26.064871	188.000000	43.243585	328.000000	41.617769	372.000000	0.000000	0.000000	0.000000	0.000000	0.000000	0.000000	0.000000	0.000000
# leg 3, t=0
0.000000	0.000000	0.000000	0.000000	0.000000	0.000000	0.000000	0.000000	0.000000	0.000000	0.000000	0.000000	0.000000	0.000000	0.000000	0.000000	0.000000	0.000000	0.000000	0.000000	0.000000	0.000000	0.000000	0.000000	0.000000	0.000000	0.000000	0.000000	0.000000	0.000000	0.000000	0.000000	62.000000	496.000000	37.357742	224.000000	55.702675	384.000000	50.492450	372.000000
# leg 4, t=0
22.738800	192.000000	0.000000	0.000000	0.000000	0.000000	0.000000	0.000000	0.000000	0.000000	0.000000	0.000000	0.000000	0.000000	0.000000	0.000000	0.000000	0.000000	20.772930	212.000000	0.000000	0.000000	0.000000	0.000000	0.000000	0.000000	20.960025	188.000000	0.000000	0.000000	0.000000	0.000000	0.000000	0.000000	19.478058	224.000000	0.000000	0.000000	0.000000	0.000000
# leg 5, t=0
0.000000	0.000000	38.176445	272.000000	0.000000	0.000000	0.000000	0.000000	0.000000	0.000000	32.968124	212.000000	0.000000	0.000000	0.000000	0.000000	0.000000	0.000000	0.000000	0.000000	0.000000	0.000000	0.000000	0.000000	0.000000	0.000000	0.000000	0.000000	38.750195	328.000000	0.000000	0.000000	0.000000	0.000000	0.000000	0.000000	40.264102	384.000000	0.000000	0.000000
# leg 6, t=0
0.000000	0.000000	0.000000	0.000000	67.000000	536.000000	0.000000	0.000000	0.000000	0.000000	0.000000	0.000000	30.807653	188.000000	0.000000	0.000000	0.000000	0.000000	0.000000	0.000000	47.006901	328.000000	0.000000	0.000000	0.000000	0.000000	0.000000	0.000000	0.000000	0.000000	0.000000	0.000000	0.000000	0.000000	0.000000	0.000000	0.000000	0.000000	42.831741	372.000000
# leg 7, t=0
0.000000	0.000000	0.000000	0.000000	0.000000	0.000000	62.000000	496.000000	0.000000	0.000000	0.000000	0.000000	0.000000	0.000000	29.374832	224.000000	0.000000	0.000000	0.000000	0.000000	0.000000	0.000000	61.568432	384.000000	0.000000	0.000000	0.000000	0.000000	0.000000	0.000000	52.342179	372.000000	0.000000	0.000000	0.000000	0.000000	0.000000	0.000000	0.000000	0.000000

# lambda[:, :, 199]
# leg 0, t=199
0.000000	0.000000	0.000000	0.000000	0.000000	0.000000	0.000000	0.000000	23.999801	191.960584	26.494219	210.856011	23.459235	179.958596	27.999539	223.908863	0.000000	0.000000	0.000000	0.000000	0.000000	0.000000	0.000000	0.000000	0.000000	0.000000	0.000000	0.000000	0.000000	0.000000	0.000000	0.000000	0.000000	0.000000	0.000000	0.000000	0.000000	0.000000	0.000000	0.000000
# leg 1, t=199
0.000000	0.000000	0.000000	0.000000	0.000000	0.000000	0.000000	0.000000	0.000000	0.000000	0.000000	0.000000	0.000000	0.000000	0.000000	0.000000	34.000051	272.010182	26.507393	213.460619	40.965637	321.201245	47.942276	372.578316	0.000000	0.000000	0.000000	0.000000	0.000000	0.000000	0.000000	0.000000	0.000000	0.000000	0.000000	0.000000	0.000000	0.000000	0.000000	0.000000
# leg 2, t=199
0.000000	0.000000	0.000000	0.000000	0.000000	0.000000	0.000000	0.000000	0.000000	0.000000	0.000000	0.000000	0.000000	0.000000	0.000000	0.000000	0.000000	0.000000	0.000000	0.000000	0.000000	0.000000	0.000000	0.000000	66.999997	535.999486	23.509484	189.873664	41.021080	332.170074	46.478422	367.731000	0.000000	0.000000	0.000000	0.000000	0.000000	0.000000	0.000000	0.000000
# leg 3, t=199
0.000000	0.000000	0.000000	0.000000	0.000000	0.000000	0.000000	0.000000	0.000000	0.000000	0.000000	0.000000	0.000000	0.000000	0.000000	0.000000	0.000000	0.000000	0.000000	0.000000	0.000000	0.000000	0.000000	0.000000	0.000000	0.000000	0.000000	0.000000	0.000000	0.000000	0.000000	0.000000	61.999909	495.982062	28.077183	239.280309	48.032806	390.477152	46.501445	372.285294
# leg 4, t=199
23.999773	191.955215	0.000000	0.000000	0.000000	0.000000	0.000000	0.000000	0.000000	0.000000	0.000000	0.000000	0.000000	0.000000	0.000000	0.000000	0.000000	0.000000	26.492561	210.530351	0.000000	0.000000	0.000000	0.000000	0.000000	0.000000	23.490441	186.111609	0.000000	0.000000	0.000000	0.000000	0.000000	0.000000	27.922395	208.636223	0.000000	0.000000	0.000000	0.000000
# leg 5, t=199
0.000000	0.000000	33.999711	271.942926	0.000000	0.000000	0.000000	0.000000	0.000000	0.000000	26.504691	212.928382	0.000000	0.000000	0.000000	0.000000	0.000000	0.000000	0.000000	0.000000	0.000000	0.000000	0.000000	0.000000	0.000000	0.000000	0.000000	0.000000	40.976248	323.301359	0.000000	0.000000	0.000000	0.000000	0.000000	0.000000	47.965560	377.200171	0.000000	0.000000
# leg 6, t=199
0.000000	0.000000	0.000000	0.000000	66.999784	535.957327	0.000000	0.000000	0.000000	0.000000	0.000000	0.000000	23.538788	195.651388	0.000000	0.000000	0.000000	0.000000	0.000000	0.000000	41.032844	334.498189	0.000000	0.000000	0.000000	0.000000	0.000000	0.000000	0.000000	0.000000	0.000000	0.000000	0.000000	0.000000	0.000000	0.000000	0.000000	0.000000	46.498221	371.648817
# leg 7, t=199
0.000000	0.000000	0.000000	0.000000	0.000000	0.000000	62.000005	496.001053	0.000000	0.000000	0.000000	0.000000	0.000000	0.000000	28.000450	224.088927	0.000000	0.000000	0.000000	0.000000	0.000000	0.000000	48.056610	395.201390	0.000000	0.000000	0.000000	0.000000	0.000000	0.000000	46.520789	376.112988	0.000000	0.000000	0.000000	0.000000	0.000000	0.000000	0.000000	0.000000

